8694272,8695039
8695552,8696319
8699392,8700159
8700672,8701439
8714752,8715519
8716032,8781823
8786944,8786944
8786947,8786949
8787002,8787004
8787007,8787009
8787022,8787024
8787027,8787029
8787882,8787884
8787887,8787889
8787902,8787904
8787907,8787909
8787962,8787964
8787967,8787968
8787971,8787973
8788026,8788028
8788031,8788033
8788046,8788048
8788051,8788053
8788906,8788908
8788911,8788913
8788926,8788928
8788931,8788933
8788986,8788988
8788991,8788991
8791040,8791040
8791043,8791045
8791098,8791100
8791103,8791105
8791118,8791120
8791123,8791125
8791978,8791980
8791983,8791985
8791998,8792000
8792003,8792005
8792058,8792060
8792063,8792064
8792067,8792069
8792122,8792124
8792127,8792129
8792142,8792144
8792147,8792149
8793002,8793004
8793007,8793009
8793022,8793024
8793027,8793029
8793082,8793084
8793087,8798207
8802304,8806399
8807424,8808449
8808462,8808464
8808467,8808469
8808682,8808684
8808687,8808689
8808702,8808704
8808707,8808709
8808762,8808764
8808767,8808769
8808782,8808784
8808787,8808789
8809813,8809814
8809817,8809818
8809829,8809830
8809833,8809834
8809877,8809878
8809881,8809882
8809893,8809894
8809897,8809898
8810069,8810070
8810073,8810074
8810085,8810086
8810089,8810090
8810133,8810134
8810137,8810138
8810149,8810150
8810153,8810154
8811178,8811180
8811183,8811185
8811198,8811200
8811203,8811205
8811258,8811260
8811263,8811265
8811278,8811280
8811283,8811285
8811498,8811500
8811503,8811505
8811518,8811519
8813568,8813569
8813582,8813584
8813587,8813589
8813802,8813804
8813807,8813809
8813822,8813824
8813827,8813829
8813882,8813884
8813887,8813889
8813902,8813904
8813907,8813909
8864085,8864086
8864089,8864090
8864101,8864102
8864105,8864106
8864149,8864150
8864153,8864154
8864165,8864166
8864169,8864170
8867328,8868095
8868608,8869375
12075349,12075350
12075353,12075354
12075365,12075366
12075369,12075370
12075413,12075414
12075417,12075418
12075429,12075430
12075433,12075434
12075605,12075606
12075609,12075610
12075621,12075622
12075625,12075626
12075669,12075670
12075673,12075674
12075685,12075686
12075689,12075690
12076714,12076716
12076719,12076721
12076734,12076736
12076739,12076741
12076794,12076796
12076799,12076801
12076814,12076816
12076819,12076821
12077034,12077036
12077039,12077041
12077054,12078079
12079104,12087295
12089344,12089345
12089358,12089360
12089363,12089365
12089578,12089580
12089583,12089585
12089598,12089600
12089603,12089605
12089658,12089660
12089663,12089665
12089678,12089680
12089683,12089685
12090709,12090710
12090713,12090714
12090725,12090726
12090729,12090730
12090773,12090774
12090777,12090778
12090789,12090790
12090793,12090794
12090965,12090966
12090969,12090970
12090981,12090982
12090985,12090986
12091029,12091030
12091033,12091034
12091045,12091046
12091049,12091050
12091733,12091734
12091737,12091738
12091749,12091750
12091753,12091754
12091797,12091798
12091801,12091802
12091813,12091814
12091817,12091818
12091989,12091990
12091993,12091994
12092005,12092006
12092009,12092010
12092053,12092054
12092057,12092058
12092069,12092070
12092073,12092074
12093098,12093100
12093103,12093105
12093118,12093120
12093123,12093125
12093178,12093180
12093183,12093185
12093198,12093200
12093203,12093205
12093418,12093420
12093423,12093425
12093438,12099583
12104704,12105729
12105742,12105744
12105747,12105749
12105962,12105964
12105967,12105969
12105982,12105984
12105987,12105989
12106042,12106044
12106047,12106049
12106062,12106064
12106067,12106069
12107093,12107094
12107097,12107098
12107109,12107110
12107113,12107114
12107157,12107158
12107161,12107162
12107173,12107174
12107177,12107178
12107349,12107350
12107353,12107354
12107365,12107366
12107369,12107370
12107413,12107414
12107417,12107418
12107429,12107430
12107433,12107434
12157610,12157612
12157615,12157617
12157630,12157632
12157635,12157637
12157690,12157692
12157695,12157697
12157710,12157712
12157715,12157717
12157930,12157932
12157935,12157937
12157950,12157951
12160000,12160001
12160014,12160016
12160019,12160021
12160234,12160236
12160239,12160241
12160254,12160256
12160259,12160261
12160314,12160316
12160319,12160321
12160334,12160336
12160339,12160341
12161365,12161366
12161369,12161370
12161381,12161382
12161385,12161386
12161429,12161430
12161433,12161434
12161445,12161446
12161449,12161450
12161621,12161622
12161625,12161626
12161637,12161638
12161641,12161642
12161685,12161686
12161689,12161690
12161701,12161702
12161705,12161706
12162730,12162732
12162735,12162737
12162750,12162752
12162755,12162757
12162810,12162812
12162815,12162817
12162830,12162832
12162835,12162837
12163050,12163052
12163055,12163057
12163070,12164095
12165120,12177407
12178432,12178432
12178435,12178437
12178490,12178492
12178495,12178497
12178510,12178512
12178515,12178517
12179370,12179372
12179375,12179377
12179390,12179392
12179395,12179397
12179450,12179452
12179455,12179456
12179459,12179461
12179514,12179516
12179519,12179521
12179534,12179536
12179539,12179541
12180394,12180396
12180399,12180401
12180414,12180416
12180419,12180421
12180474,12180476
12180479,12180479
12182528,12182528
12182531,12182533
12182586,12182588
12182591,12182593
12182606,12182608
12182611,12182613
12183466,12183468
12183471,12183473
12183486,12183488
12183491,12183493
12183546,12183548
12183551,12183552
12183555,12183557
12183610,12183612
12183615,12183617
12183630,12183632
12183635,12183637
12184490,12184492
12184495,12184497
12184510,12184512
12184515,12184517
12184570,12184572
12184575,12184575
12185600,12394495
12396544,12396545
12396558,12396560
12396563,12396565
12396778,12396780
12396783,12396785
12396798,12396800
12396803,12396805
12396858,12396860
12396863,12396865
12396878,12396880
12396883,12396885
12397909,12397910
12397913,12397914
12397925,12397926
12397929,12397930
12397973,12397974
12397977,12397978
12397989,12397990
12397993,12397994
12398165,12398166
12398169,12398170
12398181,12398182
12398185,12398186
12398229,12398230
12398233,12398234
12398245,12398246
12398249,12398250
12399274,12399276
12399279,12399281
12399294,12399296
12399299,12399301
12399354,12399356
12399359,12399361
12399374,12399376
12399379,12399381
12399594,12399596
12399599,12399601
12399614,12399615
12401664,12401665
12401678,12401680
12401683,12401685
12401898,12401900
12401903,12401905
12401918,12401920
12401923,12401925
12401978,12401980
12401983,12401985
12401998,12402000
12402003,12402005
12436138,12436140
12436143,12436145
12436158,12436160
12436163,12436165
12436218,12436220
12436223,12436225
12436238,12436240
12436243,12436245
12436458,12436460
12436463,12436465
12436478,12436479
12438528,12438529
12438542,12438544
12438547,12438549
12438762,12438764
12438767,12438769
12438782,12438784
12438787,12438789
12438842,12438844
12438847,12438849
12438862,12438864
12438867,12438869
12439893,12439894
12439897,12439898
12439909,12439910
12439913,12439914
12439957,12439958
12439961,12439962
12439973,12439974
12439977,12439978
12440149,12440150
12440153,12440154
12440165,12440166
12440169,12440170
12440213,12440214
12440217,12440218
12440229,12440230
12440233,12440234
12441258,12441260
12441263,12441265
12441278,12441280
12441283,12441285
12441338,12441340
12441343,12441345
12441358,12441360
12441363,12441365
12441578,12441580
12441583,12441585
12441598,12441599
12443648,12455935
12461056,12462081
12462094,12462096
12462099,12462101
12462314,12462316
12462319,12462321
12462334,12462336
12462339,12462341
12462394,12462396
12462399,12462401
12462414,12462416
12462419,12462421
12463445,12463446
12463449,12463450
12463461,12463462
12463465,12463466
12463509,12463510
12463513,12463514
12463525,12463526
12463529,12463530
12463701,12463702
12463705,12463706
12463717,12463718
12463721,12463722
12463765,12463766
12463769,12463770
12463781,12463782
12463785,12463786
12464810,12464812
12464815,12464817
12464830,12464832
12464835,12464837
12464890,12464892
12464895,12464897
12464910,12464912
12464915,12464917
12465130,12465132
12465135,12465137
12465150,12466175
12467200,12467201
12467214,12467216
12467219,12467221
12467434,12467436
12467439,12467441
12467454,12467456
12467459,12467461
12467514,12467516
12467519,12467521
12467534,12467536
12467539,12467541
12501674,12501676
12501679,12501681
12501694,12501696
12501699,12501701
12501754,12501756
12501759,12501761
12501774,12501776
12501779,12501781
12501994,12501996
12501999,12502001
12502014,12502015
12504064,12504065
12504078,12504080
12504083,12504085
12504298,12504300
12504303,12504305
12504318,12504320
12504323,12504325
12504378,12504380
12504383,12504385
12504398,12504400
12504403,12504405
12505429,12505430
12505433,12505434
12505445,12505446
12505449,12505450
12505493,12505494
12505497,12505498
12505509,12505510
12505513,12505514
12505685,12505686
12505689,12505690
12505701,12505702
12505705,12505706
12505749,12505750
12505753,12505754
12505765,12505766
12505769,12505770
12506794,12506796
12506799,12506801
12506814,12506816
12506819,12506821
12506874,12506876
12506879,12506881
12506894,12506896
12506899,12506901
12507114,12507116
12507119,12507121
12507134,12508159
12509184,12754943
12767232,12775423
12791808,12836863
13377536,13426687
13438976,13447167
13459456,13717503
13725696,13733887
13742080,13762815
13763328,13764095
13777408,13778175
13778688,13779455
13782528,13783039
13849856,13850367
13850880,13851391
13853952,13854463
13854976,13855487
13866240,13866751
13867264,13867775
13870336,13870847
13871360,13871871
18096128,18100223
18116608,18325503
18337792,18345983
18354176,18362367
18374656,18583551
18599936,18608127
19140608,19144961
19144974,19144976
19144979,19144981
19145194,19145196
19145199,19145201
19145214,19145217
19145230,19145232
19145235,19145237
19145450,19145452
19145455,19145457
19145470,19146240
19146243,19146245
19146298,19146300
19146303,19146305
19146318,19146320
19146323,19146325
19146581,19146582
19146585,19146586
19146597,19146598
19146601,19146602
19146645,19146646
19146649,19146650
19146661,19146662
19146665,19146666
19186858,19186860
19186863,19186865
19186878,19186880
19186883,19186885
19186938,19186940
19186943,19187456
19187459,19187461
19187514,19187516
19187519,19187521
19187534,19187536
19187539,19187541
19187882,19187884
19187887,19187889
19187902,19187904
19187907,19187909
19187962,19187964
19187967,19188480
19188483,19188485
19188538,19188540
19188543,19188545
19188558,19188560
19188563,19188565
19191893,19191894
19191897,19191898
19191909,19191910
19191913,19191914
19191957,19191958
19191961,19191962
19191973,19191974
19191977,19191978
19192234,19192236
19192239,19192241
19192254,19192256
19192259,19192261
19192314,19192316
19192319,19193089
19193102,19193104
19193107,19193109
19193322,19193324
19193327,19193329
19193342,19193345
19193358,19193360
19193363,19193365
19193578,19193580
19193583,19193585
19193598,19197951
19206144,19206656
19206659,19206661
19206714,19206716
19206719,19206721
19206734,19206736
19206739,19206741
19206997,19206998
19207001,19207002
19207013,19207014
19207017,19207018
19207061,19207062
19207065,19207066
19207077,19207078
19207081,19207082
19209301,19209302
19209305,19209306
19209317,19209318
19209321,19209322
19209365,19209366
19209369,19209370
19209381,19209382
19209385,19209386
19209642,19209644
19209647,19209649
19209662,19209664
19209667,19209669
19209722,19209724
19209727,19210752
19210755,19210757
19210810,19210812
19210815,19210817
19210830,19210832
19210835,19210837
19211093,19211094
19211097,19211098
19211109,19211110
19211113,19211114
19211157,19211158
19211161,19211162
19211173,19211174
19211177,19211178
19213397,19213398
19213401,19213402
19213413,19213414
19213417,19213418
19213461,19213462
19213465,19213466
19213477,19213478
19213481,19213482
19213738,19213740
19213743,19213745
19213758,19213760
19213763,19213765
19213818,19213820
19213823,19226881
19226894,19226896
19226899,19226901
19227114,19227116
19227119,19227121
19227134,19227137
19227150,19227152
19227155,19227157
19227370,19227372
19227375,19227377
19227390,19228160
19228163,19228165
19228218,19228220
19228223,19228225
19228238,19228240
19228243,19228245
19228501,19228502
19228505,19228506
19228517,19228518
19228521,19228522
19228565,19228566
19228569,19228570
19228581,19228582
19228585,19228586
19231914,19231916
19231919,19231921
19231934,19231936
19231939,19231941
19231994,19231996
19231999,19232512
19232515,19232517
19232570,19232572
19232575,19232577
19232590,19232592
19232595,19232597
19232938,19232940
19232943,19232945
19232958,19232960
19232963,19232965
19233018,19233020
19233023,19233536
19233539,19233541
19233594,19233596
19233599,19233601
19233614,19233616
19233619,19233621
31098026,31098028
31098031,31098033
31098046,31098048
31098051,31098053
31098106,31098108
31098111,31098624
31098627,31098629
31098682,31098684
31098687,31098689
31098702,31098704
31098707,31098709
31099050,31099052
31099055,31099057
31099070,31099072
31099075,31099077
31099130,31099132
31099135,31099648
31099651,31099653
31099706,31099708
31099711,31099713
31099726,31099728
31099731,31099733
31103061,31103062
31103065,31103066
31103077,31103078
31103081,31103082
31103125,31103126
31103129,31103130
31103141,31103142
31103145,31103146
31103402,31103404
31103407,31103409
31103422,31103424
31103427,31103429
31103482,31103484
31103487,31104257
31104270,31104272
31104275,31104277
31104490,31104492
31104495,31104497
31104510,31104513
31104526,31104528
31104531,31104533
31104746,31104748
31104751,31104753
31104766,31105023
31109120,31117824
31117827,31117829
31117882,31117884
31117887,31117889
31117902,31117904
31117907,31117909
31118165,31118166
31118169,31118170
31118181,31118182
31118185,31118186
31118229,31118230
31118233,31118234
31118245,31118246
31118249,31118250
31120469,31120470
31120473,31120474
31120485,31120486
31120489,31120490
31120533,31120534
31120537,31120538
31120549,31120550
31120553,31120554
31120810,31120812
31120815,31120817
31120830,31120832
31120835,31120837
31120890,31120892
31120895,31121920
31121923,31121925
31121978,31121980
31121983,31121985
31121998,31122000
31122003,31122005
31122261,31122262
31122265,31122266
31122277,31122278
31122281,31122282
31122325,31122326
31122329,31122330
31122341,31122342
31122345,31122346
31124565,31124566
31124569,31124570
31124581,31124582
31124585,31124586
31124629,31124630
31124633,31124634
31124645,31124646
31124649,31124650
31124906,31124908
31124911,31124913
31124926,31124928
31124931,31124933
31124986,31124988
31124991,31134720
31134723,31134725
31134778,31134780
31134783,31134785
31134798,31134800
31134803,31134805
31135658,31135660
31135663,31135665
31135678,31135680
31135683,31135685
31135738,31135740
31135743,31135744
31135747,31135749
31135802,31135804
31135807,31135809
31135822,31135824
31135827,31135829
31136682,31136684
31136687,31136689
31136702,31136704
31136707,31136709
31136762,31136764
31136767,31138049
31138062,31138064
31138067,31138069
31138282,31138284
31138287,31138289
31138302,31138305
31138318,31138320
31138323,31138325
31138538,31138540
31138543,31138545
31138558,31138816
31138819,31138821
31138874,31138876
31138879,31138881
31138894,31138896
31138899,31138901
31139754,31139754
31143082,31143084
31143087,31143089
31143102,31143104
31143107,31143109
31143162,31143164
31143167,31143680
31143683,31143685
31143738,31143740
31143743,31143745
31143758,31143760
31143763,31143765
31144106,31144108
31144111,31144113
31144126,31144128
31144131,31144133
31144186,31144188
31144191,31144704
31144707,31144709
31144762,31144764
31144767,31144769
31144782,31144784
31144787,31144789
31752874,31752876
31752879,31752881
31752894,31752896
31752899,31752901
31752954,31752956
31752959,31752961
31752974,31752976
31752979,31752981
31753194,31753196
31753199,31753201
31753214,31754239
31755264,31755265
31755278,31755280
31755283,31755285
31755498,31755500
31755503,31755505
31755518,31755520
31755523,31755525
31755578,31755580
31755583,31755585
31755598,31755600
31755603,31755605
31756629,31756630
31756633,31756634
31756645,31756646
31756649,31756650
31756693,31756694
31756697,31756698
31756709,31756710
31756713,31756714
31756885,31756886
31756889,31756890
31756901,31756902
31756905,31756906
31756949,31756950
31756953,31756954
31756965,31756966
31756969,31756970
31757994,31757996
31757999,31758001
31758014,31758016
31758019,31758021
31758074,31758076
31758079,31758081
31758094,31758096
31758099,31758101
31758314,31758316
31758319,31758321
31758334,31758335
31760384,31764479
31768576,31772671
31773696,31773696
31773699,31773701
31773754,31773756
31773759,31773761
31773774,31773776
31773779,31773781
31774634,31774636
31774639,31774641
31774654,31774656
31774659,31774661
31774714,31774716
31774719,31774720
31774723,31774725
31774778,31774780
31774783,31774785
31774798,31774800
31774803,31774805
31775658,31775660
31775663,31775665
31775678,31775680
31775683,31775685
31775738,31775740
31775743,31775743
31777792,31777792
31777795,31777797
31777850,31777852
31777855,31777857
31777870,31777872
31777875,31777877
31778730,31778732
31778735,31778737
31778750,31778752
31778755,31778757
31778810,31778812
31778815,31778816
31778819,31778821
31778874,31778876
31778879,31778881
31778894,31778896
31778899,31778901
31779754,31779756
31779759,31779761
31779774,31779776
31779779,31779781
31779834,31779836
31779839,31779839
31784960,31916031
31920128,31921152
31921155,31921157
31921210,31921212
31921215,31921217
31921230,31921232
31921235,31921237
31922090,31922092
31922095,31922097
31922110,31922112
31922115,31922117
31922170,31922172
31922175,31922176
31922179,31922181
31922234,31922236
31922239,31922241
31922254,31922256
31922259,31922261
31923114,31923116
31923119,31923121
31923134,31923136
31923139,31923141
31923194,31923196
31923199,31923199
31925248,31925248
31925251,31925253
31925306,31925308
31925311,31925313
31925326,31925328
31925331,31925333
31926186,31926188
31926191,31926193
31926206,31926208
31926211,31926213
31926266,31926268
31926271,31926272
31926275,31926277
31926330,31926332
31926335,31926337
31926350,31926352
31926355,31926357
31927210,31927212
31927215,31927217
31927230,31927232
31927235,31927237
31927290,31927292
31927295,31932415
31942656,31942657
31942670,31942672
31942675,31942677
31942890,31942892
31942895,31942897
31942910,31942912
31942915,31942917
31942970,31942972
31942975,31942977
31942990,31942992
31942995,31942997
31944021,31944022
31944025,31944026
31944037,31944038
31944041,31944042
31944085,31944086
31944089,31944090
31944101,31944102
31944105,31944106
31944277,31944278
31944281,31944282
31944293,31944294
31944297,31944298
31944341,31944342
31944345,31944346
31944357,31944358
31944361,31944362
31945386,31945388
31945391,31945393
31945406,31945408
31945411,31945413
31945466,31945468
31945471,31945473
31945486,31945488
31945491,31945493
31945706,31945708
31945711,31945713
31945726,31945727
31947776,31947777
31947790,31947792
31947795,31947797
31948010,31948012
31948015,31948017
31948030,31948032
31948035,31948037
31948090,31948092
31948095,31948097
31948110,31948112
31948115,31948117
32015018,32015020
32015023,32015025
32015038,32015040
32015043,32015045
32015098,32015100
32015103,32015105
32015118,32015120
32015123,32015125
32015338,32015340
32015343,32015345
32015358,32017409
32017422,32017424
32017427,32017429
32017642,32017644
32017647,32017649
32017662,32017664
32017667,32017669
32017722,32017724
32017727,32017729
32017742,32017744
32017747,32017749
32018773,32018774
32018777,32018778
32018789,32018790
32018793,32018794
32018837,32018838
32018841,32018842
32018853,32018854
32018857,32018858
32019029,32019030
32019033,32019034
32019045,32019046
32019049,32019050
32019093,32019094
32019097,32019098
32019109,32019110
32019113,32019114
32020138,32020140
32020143,32020145
32020158,32020160
32020163,32020165
32020218,32020220
32020223,32020225
32020238,32020240
32020243,32020245
32020458,32020460
32020463,32020465
32020478,32020479
32026624,32034815
32035840,32035840
32035843,32035845
32035898,32035900
32035903,32035905
32035918,32035920
32035923,32035925
32036778,32036780
32036783,32036785
32036798,32036800
32036803,32036805
32036858,32036860
32036863,32036864
32036867,32036869
32036922,32036924
32036927,32036929
32036942,32036944
32036947,32036949
32037802,32037804
32037807,32037809
32037822,32037824
32037827,32037829
32037882,32037884
32037887,32039936
32039939,32039941
32039994,32039996
32039999,32040001
32040014,32040016
32040019,32040021
32040874,32040876
32040879,32040881
32040894,32040896
32040899,32040901
32040954,32040956
32040959,32040960
32040963,32040965
32041018,32041020
32041023,32041025
32041038,32041040
32041043,32041045
32041898,32041900
32041903,32041905
32041918,32041920
32041923,32041925
32041978,32041980
32041983,32182271
32183296,32183296
32183299,32183301
32183354,32183356
32183359,32183361
32183374,32183376
32183379,32183381
32184234,32184236
32184239,32184241
32184254,32184256
32184259,32184261
32184314,32184316
32184319,32184320
32184323,32184325
32184378,32184380
32184383,32184385
32184398,32184400
32184403,32184405
32185258,32185260
32185263,32185265
32185278,32185280
32185283,32185285
32185338,32185340
32185343,32187392
32187395,32187397
32187450,32187452
32187455,32187457
32187470,32187472
32187475,32187477
32188330,32188332
32188335,32188337
32188350,32188352
32188355,32188357
32188410,32188412
32188415,32188416
32188419,32188421
32188474,32188476
32188479,32188481
32188494,32188496
32188499,32188501
32189354,32189356
32189359,32189361
32189374,32189376
32189379,32189381
32189434,32189436
32189439,32190463
32198656,32202751
32203776,32204801
32204814,32204816
32204819,32204821
32205034,32205036
32205039,32205041
32205054,32205056
32205059,32205061
32205114,32205116
32205119,32205121
32205134,32205136
32205139,32205141
32206165,32206166
32206169,32206170
32206181,32206182
32206185,32206186
32206229,32206230
32206233,32206234
32206245,32206246
32206249,32206250
32206421,32206422
32206425,32206426
32206437,32206438
32206441,32206442
32206485,32206486
32206489,32206490
32206501,32206502
32206505,32206506
32207530,32207532
32207535,32207537
32207550,32207552
32207555,32207557
32207610,32207612
32207615,32207617
32207630,32207632
32207635,32207637
32207850,32207852
32207855,32207857
32207870,32208895
32209920,32209921
32209934,32209936
32209939,32209941
32210154,32210156
32210159,32210161
32210174,32210176
32210179,32210181
32210234,32210236
32210239,32210241
32210254,32210256
32210259,32210261
