13443923968,13443940351
13443960832,13443969023
13443977216,13443985407
13443993600,13444001791
13444009984,13444018175
13444030464,13444046847
13444071424,13444087807
13444153344,13444157439
13444165632,13444173823
13444182016,13444190207
13444198400,13444206591
13444214784,13444218879
13444284416,13444300799
13444333568,13444349951
13444415488,13444419583
13444427776,13444435967
13444444160,13444452351
13444460544,13444468735
13444476928,13444481023
13444546560,13444562943
13444583424,13444591615
13444599808,13444607999
13444628480,13444644863
13444775936,13444792319
13444812800,13444820991
13444829184,13444837375
13444857856,13444874239
13444939776,13444943871
13444952064,13444960255
13444968448,13444976639
13444984832,13444993023
13445001216,13445005311
13445070848,13445087231
13446692864,13446709247
13446774784,13446778879
13446787072,13446795263
13446803456,13446811647
13446819840,13446828031
13446836224,13446840319
13446905856,13446922239
13446955008,13446971391
13447036928,13447041023
13447049216,13447057407
13447065600,13447073791
13447081984,13447090175
13447098368,13447102463
13447168000,13447184383
13448790016,13448806399
13448871936,13448876031
13448884224,13448892415
13448900608,13448908799
13448916992,13448925183
13448933376,13448937471
13449003008,13449019391
13449039872,13449048063
13449056256,13449064447
13449084928,13449101311
13449232384,13449248767
13449269248,13449277439
13449285632,13449293823
13449314304,13449330687
13449396224,13449400319
13449408512,13449416703
13449424896,13449433087
13449441280,13449449471
13449457664,13449461759
13449527296,13449543679
13449576448,13449592831
13449658368,13449662463
13449670656,13449678847
13449687040,13449695231
13449703424,13449711615
13449719808,13449723903
13449789440,13449805823
13449830400,13449846783
13449859072,13449867263
13449875456,13449883647
13449891840,13449900031
13449908224,13449916415
13449936896,13449953279
13460701184,13460717567
13460738048,13460746239
13460754432,13460762623
13460770816,13460779007
13460787200,13460795391
13460807680,13460824063
13460848640,13460865023
13460930560,13460934655
13460942848,13460951039
13460959232,13460967423
13460975616,13460983807
13460992000,13460996095
13461061632,13461078015
13461110784,13461127167
13461192704,13461196799
13461204992,13461213183
13461221376,13461229567
13461237760,13461245951
13461254144,13461258239
13461323776,13461340159
13461360640,13461368831
13461377024,13461385215
13461405696,13461422079
13461553152,13461569535
13461590016,13461598207
13461606400,13461614591
13461635072,13461651455
13461716992,13461721087
13461729280,13461737471
13461745664,13461753855
13461762048,13461770239
13461778432,13461782527
13461848064,13461864447
13463470080,13463486463
13463552000,13463556095
13463564288,13463572479
13463580672,13463588863
13463597056,13463605247
13463613440,13463617535
13463683072,13463699455
13463732224,13463748607
13463814144,13463818239
13463826432,13463834623
13463842816,13463851007
13463859200,13463867391
13463875584,13463879679
13463945216,13463961599
13465567232,13465583615
13465649152,13465653247
13465661440,13465669631
13465677824,13465686015
13465694208,13465702399
13465710592,13465714687
13465780224,13465796607
13465817088,13465825279
13465833472,13465841663
13465862144,13465878527
13466009600,13466025983
13466046464,13466054655
13466062848,13466071039
13466091520,13466107903
13466173440,13466177535
13466185728,13466193919
13466202112,13466210303
13466218496,13466226687
13466234880,13466238975
13466304512,13466320895
13466353664,13466370047
13466435584,13466439679
13466447872,13466456063
13466464256,13466472447
13466480640,13466488831
13466497024,13466501119
13466566656,13466583039
13466607616,13466623999
13466636288,13466644479
13466652672,13466660863
13466669056,13466677247
13466685440,13466693631
13466714112,13466730495
13511032832,13511049215
13511069696,13511077887
13511086080,13511094271
13511102464,13511110655
13511118848,13511127039
13511139328,13511155711
13511180288,13511196671
13511262208,13511266303
13511274496,13511282687
13511290880,13511299071
13511307264,13511315455
13511323648,13511327743
13511393280,13511409663
13511442432,13511458815
13511524352,13511528447
13511536640,13511544831
13511553024,13511561215
13511569408,13511577599
13511585792,13511589887
13511655424,13511671807
13511692288,13511700479
13511708672,13511716863
13511737344,13511753727
13511884800,13511901183
13511921664,13511929855
13511938048,13511946239
13511966720,13511983103
13512048640,13512052735
13512060928,13512069119
13512077312,13512085503
13512093696,13512101887
13512110080,13512114175
13512179712,13512196095
13512220672,13512237055
13512249344,13512257535
13512265728,13512273919
13512282112,13512290303
13512298496,13512306687
13512327168,13512343551
13513654272,13513670655
13513691136,13513699327
13513707520,13513715711
13513723904,13513732095
13513740288,13513748479
13513760768,13513777151
13513801728,13513818111
13513883648,13513887743
13513895936,13513904127
13513912320,13513920511
13513928704,13513936895
13513945088,13513949183
13514014720,13514031103
13514063872,13514080255
13514145792,13514149887
13514158080,13514166271
13514174464,13514182655
13514190848,13514199039
13514207232,13514211327
13514276864,13514293247
13514317824,13514334207
13514346496,13514354687
13514362880,13514371071
13514379264,13514387455
13514395648,13514403839
13514424320,13514440703
13515751424,13515767807
13515788288,13515796479
13515804672,13515812863
13515821056,13515829247
13515837440,13515845631
13515857920,13515874303
13515898880,13515915263
13515980800,13515984895
13515993088,13516001279
13516009472,13516017663
13516025856,13516034047
13516042240,13516046335
13516111872,13516128255
13516148736,13516156927
13516165120,13516173311
13516193792,13516210175
13516341248,13516357631
13516378112,13516386303
13516394496,13516402687
13516423168,13516439551
13516505088,13516509183
13516517376,13516525567
13516533760,13516541951
13516550144,13516558335
13516566528,13516570623
13516636160,13516652543
13516685312,13516701695
13516767232,13516771327
13516779520,13516787711
13516795904,13516804095
13516812288,13516820479
13516828672,13516832767
13516898304,13516914687
13516939264,13516955647
13516967936,13516976127
13516984320,13516992511
13517000704,13517008895
13517017088,13517025279
13517045760,13517062143
13527810048,13527826431
13527846912,13527855103
13527863296,13527871487
13527879680,13527887871
13527896064,13527904255
13527916544,13527932927
13527957504,13527973887
13528039424,13528043519
13528051712,13528059903
13528068096,13528076287
13528084480,13528092671
13528100864,13528104959
13528170496,13528186879
13528219648,13528236031
13528301568,13528305663
13528313856,13528322047
13528330240,13528338431
13528346624,13528354815
13528363008,13528367103
13528432640,13528449023
13528469504,13528477695
13528485888,13528494079
13528514560,13528530943
13528662016,13528678399
13528698880,13528707071
13528715264,13528723455
13528743936,13528760319
13528825856,13528829951
13528838144,13528846335
13528854528,13528862719
13528870912,13528879103
13528887296,13528891391
13528956928,13528973311
13528997888,13529014271
13529026560,13529034751
13529042944,13529051135
13529059328,13529067519
13529075712,13529083903
13529104384,13529120767
13530431488,13530447871
13530468352,13530476543
13530484736,13530492927
13530501120,13530509311
13530517504,13530525695
13530537984,13530554367
13530578944,13530595327
13530660864,13530664959
13530673152,13530681343
13530689536,13530697727
13530705920,13530714111
13530722304,13530726399
13530791936,13530808319
13530841088,13530857471
13530923008,13530927103
13530935296,13530943487
13530951680,13530959871
13530968064,13530976255
13530984448,13530988543
13531054080,13531070463
13531095040,13531111423
13531123712,13531131903
13531140096,13531148287
13531156480,13531164671
13531172864,13531181055
13531201536,13531217919
13532528640,13532545023
13532565504,13532573695
13532581888,13532590079
13532598272,13532606463
13532614656,13532622847
13532635136,13532651519
13532676096,13532692479
13532758016,13532762111
13532770304,13532778495
13532786688,13532794879
13532803072,13532811263
13532819456,13532823551
13532889088,13532905471
13532925952,13532934143
13532942336,13532950527
13532971008,13532987391
13533118464,13533134847
13533155328,13533163519
13533171712,13533179903
13533200384,13533216767
13533282304,13533286399
13533294592,13533302783
13533310976,13533319167
13533327360,13533335551
13533343744,13533347839
13533413376,13533429759
13533462528,13533478911
13533544448,13533548543
13533556736,13533564927
13533573120,13533581311
13533589504,13533597695
13533605888,13533609983
13533675520,13533691903
13533716480,13533732863
13533745152,13533753343
13533761536,13533769727
13533777920,13533786111
13533794304,13533802495
13533822976,13533839359
13555990528,13555994623
13556002816,13556011007
13556019200,13556039679
13556203520,13556223999
13556232192,13556240383
13556248576,13556269055
13556355072,13556363263
13556371456,13556379647
13556387840,13556396031
13556404224,13556412415
13556498432,13556531199
13556617216,13556625407
13556633600,13556641791
13556649984,13556658175
13556666368,13556674559
13556760576,13556785151
13556801536,13556813823
13556822016,13556830207
13556838400,13556846591
13556854784,13556862975
13556871168,13556891647
13562626048,13562650623
13562667008,13562683391
13562699776,13562724351
13562888192,13562912767
13562929152,13562945535
13562961920,13562986495
13563674624,13563699199
13563715584,13563731967
13563748352,13563772927
13563936768,13563961343
13563977728,13563994111
13564010496,13564035071
13564723200,13564747775
13564764160,13564780543
13564796928,13564821503
13564985344,13565009919
13565026304,13565042687
13565059072,13565083647
13565771776,13565796351
13565812736,13565829119
13565845504,13565870079
13566033920,13566058495
13566074880,13566091263
13566107648,13566132223
13571866624,13571887103
13571895296,13571903487
13571911680,13571919871
13571928064,13571936255
13571944448,13571956735
13571973120,13571997695
13572083712,13572091903
13572100096,13572108287
13572116480,13572124671
13572132864,13572141055
13572227072,13572259839
13572345856,13572354047
13572362240,13572370431
13572378624,13572386815
13572395008,13572403199
13572489216,13572509695
13572517888,13572526079
13572534272,13572554751
13572718592,13572739071
13572747264,13572755455
13572763648,13572784127
13572870144,13572878335
13572886528,13572894719
13572902912,13572911103
13572919296,13572927487
13573013504,13573038079
13573054464,13573066751
13573074944,13573083135
13573091328,13573099519
13573107712,13573115903
13573124096,13573144575
13574488064,13574508543
13574516736,13574524927
13574533120,13574541311
13574549504,13574557695
13574565888,13574578175
13574594560,13574619135
13574705152,13574713343
13574721536,13574729727
13574737920,13574746111
13574754304,13574762495
13574848512,13574873087
13574889472,13574901759
13574909952,13574918143
13574926336,13574934527
13574942720,13574950911
13574959104,13574979583
13575692288,13575708671
13575725056,13575741439
13575823360,13575839743
13575856128,13575872511
13575954432,13575970815
13575987200,13576003583
13576085504,13576101887
13576118272,13576134655
13576847360,13576867839
13576876032,13576884223
13576892416,13576900607
13576908800,13576916991
13576925184,13576937471
13576953856,13576970239
13576986624,13576998911
13577007104,13577015295
13577023488,13577031679
13577039872,13577048063
13577056256,13577076735
13577789440,13577805823
13577822208,13577838591
13577920512,13577936895
13577953280,13577969663
13579583488,13579599871
13579685888,13579694079
13579702272,13579710463
13579718656,13579726847
13579735040,13579743231
13579829248,13579853823
13579870208,13579882495
13579890688,13579898879
13579907072,13579915263
13579923456,13579931647
13579939840,13579960319
13666238464,13666258943
13666267136,13666275327
13666283520,13666291711
13666299904,13666308095
13666316288,13666328575
13666344960,13666369535
13666455552,13666463743
13666471936,13666480127
13666488320,13666496511
13666504704,13666512895
13666598912,13666615295
13668229120,13668245503
13668261888,13668278271
13668360192,13668376575
13668392960,13668409343
13669122048,13669142527
13669150720,13669158911
13669167104,13669175295
13669183488,13669191679
13669199872,13669212159
13669228544,13669244927
13669261312,13669273599
13669281792,13669289983
13669298176,13669306367
13669314560,13669322751
13669330944,13669351423
13670064128,13670080511
13670096896,13670113279
13670195200,13670211583
13670227968,13670244351
13670326272,13670342655
13670359040,13670375423
13670457344,13670473727
13670490112,13670506495
13671219200,13671239679
13671247872,13671256063
13671264256,13671272447
13671280640,13671288831
13671297024,13671309311
13671325696,13671350271
13671436288,13671444479
13671452672,13671460863
13671469056,13671477247
13671485440,13671493631
13671579648,13671604223
13671620608,13671632895
13671641088,13671649279
13671657472,13671665663
13671673856,13671682047
13671690240,13671710719
13673054208,13673074687
13673082880,13673091071
13673099264,13673107455
13673115648,13673123839
13673132032,13673144319
13673160704,13673185279
13673271296,13673279487
13673287680,13673295871
13673304064,13673312255
13673320448,13673328639
13673414656,13673435135
13673443328,13673451519
13673459712,13673480191
13673644032,13673664511
13673672704,13673680895
13673689088,13673709567
13673795584,13673803775
13673811968,13673820159
13673828352,13673836543
13673844736,13673852927
13673938944,13673971711
13674057728,13674065919
13674074112,13674082303
13674090496,13674098687
13674106880,13674115071
13674201088,13674225663
13674242048,13674254335
13674262528,13674270719
13674278912,13674287103
13674295296,13674303487
13674311680,13674332159
13680066560,13680091135
13680107520,13680123903
13680140288,13680164863
13680328704,13680353279
13680369664,13680386047
13680402432,13680427007
13681115136,13681139711
13681156096,13681172479
13681188864,13681213439
13681377280,13681401855
13681418240,13681434623
13681451008,13681475583
13682163712,13682188287
13682204672,13682221055
13682237440,13682262015
13682425856,13682450431
13682466816,13682483199
13682499584,13682524159
13683212288,13683236863
13683253248,13683269631
13683286016,13683310591
13683474432,13683499007
13683515392,13683531775
13683548160,13683572735
13689307136,13689327615
13689335808,13689343999
13689352192,13689360383
13689368576,13689376767
13689384960,13689397247
13689413632,13689438207
13689524224,13689532415
13689540608,13689548799
13689556992,13689565183
13689573376,13689581567
13689667584,13689700351
13689786368,13689794559
13689802752,13689810943
13689819136,13689827327
13689835520,13689843711
13689929728,13689950207
13689958400,13689966591
13689974784,13689995263
13690159104,13690179583
13690187776,13690195967
13690204160,13690212351
13690220544,13690228735
13690236928,13690257407
13690421248,13690441727
13690449920,13690458111
13690466304,13690486783
13690572800,13690580991
13690589184,13690597375
13690605568,13690613759
13690621952,13690630143
13690716160,13690748927
13690834944,13690843135
13690851328,13690859519
13690867712,13690875903
13690884096,13690892287
13690978304,13691002879
13691019264,13691031551
13691039744,13691047935
13691056128,13691064319
13691072512,13691080703
13691088896,13691109375
13696843776,13696868351
13696884736,13696901119
13696917504,13696942079
13697105920,13697130495
13697146880,13697163263
13697179648,13697204223
13697892352,13697916927
13697933312,13697949695
13697966080,13697990655
13698154496,13698179071
13698195456,13698211839
13698228224,13698252799
13698940928,13698965503
13698981888,13698998271
13699014656,13699039231
13699203072,13699227647
13699244032,13699260415
13699276800,13699301375
13699989504,13700014079
13700030464,13700046847
13700063232,13700087807
13700251648,13700276223
13700292608,13700308991
13700325376,13700349951
13706084352,13706104831
13706113024,13706121215
13706129408,13706137599
13706145792,13706153983
13706162176,13706174463
13706190848,13706215423
13706301440,13706309631
13706317824,13706326015
13706334208,13706342399
13706350592,13706358783
13706444800,13706477567
13706563584,13706571775
13706579968,13706588159
13706596352,13706604543
13706612736,13706620927
13706706944,13706727423
13706735616,13706743807
13706752000,13706772479
13706936320,13706956799
13706964992,13706973183
13706981376,13707001855
13707087872,13707096063
13707104256,13707112447
13707120640,13707128831
13707137024,13707145215
13707231232,13707255807
13707272192,13707284479
13707292672,13707300863
13707309056,13707317247
13707325440,13707333631
13707341824,13707362303
13708705792,13708726271
13708734464,13708742655
13708750848,13708759039
13708767232,13708775423
13708783616,13708795903
13708812288,13708836863
13708922880,13708931071
13708939264,13708947455
13708955648,13708963839
13708972032,13708980223
13709066240,13709090815
13709107200,13709119487
13709127680,13709135871
13709144064,13709152255
13709160448,13709168639
13709176832,13709197311
13709910016,13709926399
13709942784,13709959167
13710041088,13710057471
13710073856,13710090239
13710172160,13710188543
13710204928,13710221311
13710303232,13710319615
13710336000,13710352383
13711065088,13711085567
13711093760,13711101951
13711110144,13711118335
13711126528,13711134719
13711142912,13711155199
13711171584,13711187967
13711204352,13711216639
13711224832,13711233023
13711241216,13711249407
13711257600,13711265791
13711273984,13711294463
13712007168,13712023551
13712039936,13712056319
13712138240,13712154623
13712171008,13712187391
13713801216,13713817599
13713903616,13713911807
13713920000,13713928191
13713936384,13713944575
13713952768,13713960959
13714046976,13714071551
13714087936,13714100223
13714108416,13714116607
13714124800,13714132991
13714141184,13714149375
13714157568,13714178047
13800456192,13800476671
13800484864,13800493055
13800501248,13800509439
13800517632,13800525823
13800534016,13800546303
13800562688,13800587263
13800673280,13800681471
13800689664,13800697855
13800706048,13800714239
13800722432,13800730623
13800816640,13800833023
13802446848,13802463231
13802479616,13802495999
13802577920,13802594303
13802610688,13802627071
13803339776,13803360255
13803368448,13803376639
13803384832,13803393023
13803401216,13803409407
13803417600,13803429887
13803446272,13803462655
13803479040,13803491327
13803499520,13803507711
13803515904,13803524095
13803532288,13803540479
13803548672,13803569151
13804281856,13804298239
13804314624,13804331007
13804412928,13804429311
13804445696,13804462079
13804544000,13804560383
13804576768,13804593151
13804675072,13804691455
13804707840,13804724223
13805436928,13805457407
13805465600,13805473791
13805481984,13805490175
13805498368,13805506559
13805514752,13805527039
13805543424,13805567999
13805654016,13805662207
13805670400,13805678591
13805686784,13805694975
13805703168,13805711359
13805797376,13805821951
13805838336,13805850623
13805858816,13805867007
13805875200,13805883391
13805891584,13805899775
13805907968,13805928447
13807271936,13807292415
13807300608,13807308799
13807316992,13807325183
13807333376,13807341567
13807349760,13807362047
13807378432,13807403007
13807489024,13807497215
13807505408,13807513599
13807521792,13807529983
13807538176,13807546367
13807632384,13807652863
13807661056,13807669247
13807677440,13807697919
13807861760,13807882239
13807890432,13807898623
13807906816,13807927295
13808013312,13808021503
13808029696,13808037887
13808046080,13808054271
13808062464,13808070655
13808156672,13808189439
13808275456,13808283647
13808291840,13808300031
13808308224,13808316415
13808324608,13808332799
13808418816,13808443391
13808459776,13808472063
13808480256,13808488447
13808496640,13808504831
13808513024,13808521215
13808529408,13808549887
13814284288,13814308863
13814325248,13814341631
13814358016,13814382591
13814546432,13814571007
13814587392,13814603775
13814620160,13814644735
13815332864,13815357439
13815373824,13815390207
13815406592,13815431167
13815595008,13815619583
13815635968,13815652351
13815668736,13815693311
13816381440,13816406015
13816422400,13816438783
13816455168,13816479743
13816643584,13816668159
13816684544,13816700927
13816717312,13816741887
13817430016,13817454591
13817470976,13817487359
13817503744,13817528319
13817692160,13817716735
13817733120,13817749503
13817765888,13817790463
13823524864,13823545343
13823553536,13823561727
13823569920,13823578111
13823586304,13823594495
13823602688,13823614975
13823631360,13823655935
13823741952,13823750143
13823758336,13823766527
13823774720,13823782911
13823791104,13823799295
13823885312,13823918079
13824004096,13824012287
13824020480,13824028671
13824036864,13824045055
13824053248,13824061439
13824147456,13824167935
13824176128,13824184319
13824192512,13824212991
13824376832,13824397311
13824405504,13824413695
13824421888,13824425983
13901103104,13901119487
13901139968,13901148159
13901156352,13901164543
13901172736,13901180927
13901189120,13901197311
13901209600,13901225983
13901250560,13901266943
13901332480,13901336575
13901344768,13901352959
13901361152,13901369343
13901377536,13901385727
13901393920,13901398015
13901463552,13901479935
13901512704,13901529087
13901594624,13901598719
13901606912,13901615103
13901623296,13901631487
13901639680,13901647871
13901656064,13901660159
13901725696,13901742079
13901762560,13901770751
13901778944,13901787135
13901807616,13901823999
13901955072,13901971455
13901991936,13902000127
13902008320,13902016511
13902028800,13902045183
13902057472,13902065663
13902073856,13902082047
13902090240,13902098431
13902106624,13902114815
13902135296,13902151679
13902839808,13902847999
13902864384,13902880767
13902897152,13902905343
13902970880,13902979071
13902995456,13903011839
13903028224,13903036415
13903101952,13903110143
13903126528,13903142911
13903159296,13903167487
13903233024,13903241215
13903257600,13903273983
13903290368,13903298559
13903986688,13904003071
13904023552,13904031743
13904039936,13904048127
13904056320,13904064511
13904072704,13904080895
13904093184,13904109567
13904125952,13904142335
13904154624,13904162815
13904171008,13904179199
13904187392,13904195583
13904203776,13904211967
13904232448,13904248831
13904936960,13904945151
13904961536,13904977919
13904994304,13905002495
13905068032,13905076223
13905092608,13905108991
13905125376,13905133567
13906485248,13906501631
13906513920,13906522111
13906530304,13906538495
13906546688,13906554879
13906563072,13906571263
13906591744,13906608127
13907918848,13907935231
13907955712,13907963903
13907972096,13907980287
13907988480,13907996671
13908004864,13908013055
13908025344,13908041727
13908852736,13908869119
13908934656,13908938751
13908946944,13908955135
13908963328,13908971519
13908979712,13908987903
13908996096,13909000191
13909065728,13909082111
13909106688,13909123071
13909135360,13909143551
13909151744,13909159935
13909168128,13909176319
13909184512,13909192703
13909213184,13909229567
13915979776,13915996159
13916020736,13916037119
13916053504,13916069887
13916094464,13916110847
13916241920,13916258303
13916282880,13916299263
13916315648,13916332031
13916356608,13916372991
13917028352,13917044735
13917069312,13917085695
13917102080,13917118463
13917143040,13917159423
13917290496,13917306879
13917331456,13917347839
13917364224,13917380607
13917405184,13917421567
13918076928,13918093311
13918117888,13918134271
13918150656,13918167039
13918191616,13918207999
13918339072,13918355455
13918380032,13918396415
13918412800,13918429183
13918453760,13918470143
13924171776,13924188159
13924208640,13924216831
13924225024,13924233215
13924241408,13924249599
13924257792,13924265983
13924278272,13924294655
13924319232,13924335615
13924401152,13924405247
13924413440,13924421631
13924429824,13924438015
13924446208,13924454399
13924462592,13924466687
13924532224,13924548607
13924581376,13924597759
13924663296,13924667391
13924675584,13924683775
13924691968,13924700159
13924708352,13924716543
13924724736,13924728831
13924794368,13924810751
13924831232,13924839423
13924847616,13924855807
13924876288,13924892671
13925023744,13925040127
13925060608,13925068799
13925076992,13925085183
13925093376,13925101567
13925109760,13925117951
13925138432,13925154815
13925285888,13925302271
13925322752,13925330943
13925339136,13925347327
13925367808,13925384191
13925449728,13925453823
13925462016,13925470207
13925478400,13925486591
13925494784,13925502975
13925511168,13925515263
13925580800,13925597183
13925629952,13925646335
13925711872,13925715967
13925724160,13925732351
13925740544,13925748735
13925756928,13925765119
13925773312,13925777407
13925842944,13925859327
13925883904,13925900287
13925912576,13925920767
13925928960,13925937151
13925945344,13925953535
13925961728,13925969919
13925990400,13926006783
13931708416,13931724799
13931749376,13931765759
13931782144,13931798527
13931823104,13931839487
13931970560,13931986943
13932011520,13932027903
13932044288,13932060671
13932085248,13932101631
13932756992,13932773375
13932797952,13932814335
13932830720,13932847103
13932871680,13932888063
13933019136,13933035519
13933060096,13933076479
13933092864,13933109247
13933133824,13933150207
13933805568,13933821951
13933846528,13933862911
13933879296,13933895679
13933920256,13933936639
13934067712,13934084095
13934108672,13934125055
13934141440,13934157823
13934182400,13934198783
13934854144,13934870527
13934895104,13934911487
13934927872,13934944255
13934968832,13934985215
13935116288,13935132671
13935157248,13935173631
13935190016,13935206399
13935230976,13935247359
13940948992,13940965375
13940985856,13940994047
13941002240,13941010431
13941018624,13941026815
13941035008,13941043199
13941055488,13941071871
13941096448,13941112831
13941178368,13941182463
13941190656,13941198847
13941207040,13941215231
13941223424,13941231615
13941239808,13941243903
13941309440,13941325823
13941358592,13941374975
13941440512,13941444607
13941452800,13941460991
13941469184,13941477375
13941485568,13941493759
13941501952,13941506047
13941571584,13941587967
13941608448,13941616639
13941624832,13941633023
13941653504,13941669887
13941800960,13941817343
13941837824,13941846015
13941854208,13941862399
13941874688,13941891071
13941903360,13941911551
13941919744,13941927935
13941936128,13941944319
13941952512,13941960703
13941981184,13941997567
13942685696,13942693887
13942710272,13942726655
13942743040,13942751231
13942816768,13942824959
13942841344,13942857727
13942874112,13942882303
13942947840,13942956031
13942972416,13942988799
13943005184,13943013375
13943078912,13943087103
13943103488,13943119871
13943136256,13943144447
13943832576,13943848959
13943869440,13943877631
13943885824,13943894015
13943902208,13943910399
13943918592,13943926783
13943939072,13943955455
13943967744,13943975935
13943984128,13943992319
13944012800,13944029183
13944160256,13944176639
13944197120,13944205311
13944213504,13944221695
13944242176,13944258559
13944324096,13944328191
13944336384,13944344575
13944352768,13944360959
13944369152,13944377343
13944385536,13944389631
13944455168,13944471551
13944504320,13944520703
13944586240,13944590335
13944598528,13944606719
13944614912,13944623103
13944631296,13944639487
13944647680,13944651775
13944717312,13944733695
13944758272,13944774655
13944786944,13944795135
13944803328,13944811519
13944819712,13944827903
13944836096,13944844287
13944864768,13944881151
13955629056,13955645439
13955665920,13955674111
13955682304,13955690495
13955698688,13955706879
13955715072,13955723263
13955735552,13955751935
13955776512,13955792895
13955858432,13955862527
13955870720,13955878911
13955887104,13955895295
13955903488,13955911679
13955919872,13955923967
13955989504,13956005887
13956038656,13956055039
13956120576,13956124671
13956132864,13956141055
13956149248,13956157439
13956165632,13956173823
13956182016,13956186111
13956251648,13956268031
13956288512,13956296703
13956304896,13956313087
13956333568,13956349951
13956481024,13956497407
13956517888,13956526079
13956534272,13956542463
13956554752,13956571135
13956583424,13956591615
13956599808,13956607999
13956616192,13956624383
13956632576,13956640767
13956661248,13956677631
13957365760,13957373951
13957390336,13957406719
13957423104,13957431295
13957496832,13957505023
13957521408,13957537791
13957554176,13957562367
13957627904,13957636095
13957652480,13957668863
13957685248,13957693439
13957758976,13957767167
13957783552,13957799935
13957816320,13957824511
13958512640,13958529023
13958549504,13958557695
13958565888,13958574079
13958582272,13958590463
13958598656,13958606847
13958619136,13958635519
16243113984,16243134463
16243142656,16243150847
16243159040,16243167231
16243175424,16243183615
16243191808,16243204095
16243220480,16243232767
16243240960,16243249151
16243257344,16243269631
16243449856,16243462143
16243470336,16243478527
16243486720,16243494911
16243503104,16243511295
16243519488,16243531775
16243712000,16243724287
16243732480,16243740671
16243748864,16243761151
16243777536,16243789823
16243798016,16243806207
16243814400,16243822591
16243830784,16243838975
16243847168,16243867647
16245211136,16245231615
16245239808,16245247999
16245256192,16245264383
16245272576,16245280767
16245288960,16245301247
16245317632,16245329919
16245338112,16245346303
16245354496,16245366783
16245547008,16245559295
16245567488,16245575679
16245583872,16245592063
16245600256,16245608447
16245616640,16245628927
16245809152,16245821439
16245829632,16245837823
16245846016,16245858303
16245874688,16245886975
16245895168,16245903359
16245911552,16245919743
16245927936,16245936127
16245944320,16245964799
16251502592,16251523071
16251531264,16251539455
16251547648,16251555839
16251564032,16251572223
16251580416,16251592703
16251609088,16251621375
16251629568,16251637759
16251645952,16251666431
16251830272,16251850751
16251858944,16251867135
16251875328,16251883519
16251891712,16251899903
16251908096,16251928575
16252092416,16252112895
16252121088,16252129279
16252137472,16252149759
16252166144,16252178431
16252186624,16252194815
16252203008,16252211199
16252219392,16252227583
16252235776,16252256255
16253599744,16253620223
16253628416,16253636607
16253644800,16253652991
16253661184,16253669375
16253677568,16253689855
16253706240,16253718527
16253726720,16253734911
16253743104,16253763583
16253927424,16253947903
16253956096,16253964287
16253972480,16253980671
16253988864,16253997055
16254005248,16254025727
16254189568,16254210047
16254218240,16254226431
16254234624,16254246911
16254263296,16254275583
16254283776,16254291967
16254300160,16254308351
16254316544,16254324735
16254332928,16254353407
16266706944,16266727423
16266735616,16266743807
16266752000,16266760191
16266768384,16266776575
16266784768,16266797055
16266813440,16266838015
16266924032,16266932223
16266940416,16266948607
16266956800,16266964991
16266973184,16266981375
16267067392,16267100159
16267186176,16267194367
16267202560,16267210751
16267218944,16267227135
16267235328,16267243519
16267329536,16267350015
16267358208,16267366399
16267374592,16267395071
16267558912,16267579391
16267587584,16267595775
16267603968,16267616255
16267632640,16267644927
16267653120,16267661311
16267669504,16267677695
16267685888,16267694079
16267702272,16267722751
16268435456,16268451839
16268468224,16268484607
16268566528,16268582911
16268599296,16268615679
16268697600,16268713983
16268730368,16268746751
16268828672,16268845055
16268861440,16268877823
16269590528,16269611007
16269619200,16269627391
16269635584,16269643775
16269651968,16269660159
16269668352,16269680639
16269697024,16269713407
16269729792,16269742079
16269750272,16269758463
16269766656,16269774847
16269783040,16269791231
16269799424,16269819903
16270532608,16270548991
16270565376,16270581759
16270663680,16270680063
16270696448,16270712831
16270794752,16270811135
16270827520,16270843903
16270925824,16270942207
16270958592,16270974975
16271687680,16271708159
16271716352,16271724543
16271732736,16271740927
16271749120,16271757311
16271765504,16271777791
16271794176,16271818751
16271904768,16271912959
16271921152,16271929343
16271937536,16271945727
16271953920,16271962111
16272048128,16272072703
16272089088,16272101375
16272109568,16272117759
16272125952,16272134143
16272142336,16272150527
16272158720,16272179199
16273522688,16273543167
16273551360,16273559551
16273567744,16273575935
16273584128,16273592319
16273600512,16273612799
16273629184,16273653759
16273739776,16273747967
16273756160,16273764351
16273772544,16273780735
16273788928,16273797119
16273883136,16290676735
16293429248,16293445631
16293466112,16293474303
16293482496,16293490687
16293498880,16293507071
16293515264,16293523455
16293535744,16293552127
16293564416,16293572607
16293580800,16293588991
16293609472,16293625855
16293756928,16293773311
16293793792,16293801983
16293810176,16293818367
16293826560,16293834751
16293842944,16293851135
16293871616,16293887999
16294019072,16294035455
16294055936,16294064127
16294072320,16294080511
16294092800,16294109183
16294121472,16294129663
16294137856,16294146047
16294154240,16294162431
16294170624,16294178815
16294199296,16294215679
16295526400,16295542783
16295563264,16295571455
16295579648,16295587839
16295596032,16295604223
16295612416,16295620607
16295632896,16295649279
16295661568,16295669759
16295677952,16295686143
16295706624,16295723007
16295854080,16295870463
16295890944,16295899135
16295907328,16295915519
16295923712,16295931903
16295940096,16295948287
16295968768,16295985151
16296116224,16296132607
16296153088,16296161279
16296169472,16296177663
16296189952,16296206335
16296218624,16296226815
16296235008,16296243199
16296251392,16296259583
16296267776,16296275967
16296296448,16296312831
16301817856,16301834239
16301854720,16301862911
16301871104,16301879295
16301887488,16301895679
16301903872,16301912063
16301924352,16301940735
16301953024,16301961215
16301969408,16301977599
16301998080,16302014463
16302145536,16302161919
16302182400,16302190591
16302198784,16302206975
16302215168,16302223359
16302231552,16302239743
16302260224,16302276607
16302407680,16302424063
16302444544,16302452735
16302460928,16302469119
16302481408,16302497791
16302510080,16302518271
16302526464,16302534655
16302542848,16302551039
16302559232,16302567423
16302587904,16302604287
16303915008,16303931391
16303951872,16303960063
16303968256,16303976447
16303984640,16303992831
16304001024,16304009215
16304021504,16304037887
16304050176,16304058367
16304066560,16304074751
16304095232,16304111615
16304242688,16304259071
16304279552,16304287743
16304295936,16304304127
16304312320,16304320511
16304328704,16304336895
16304357376,16304373759
16304504832,16304521215
16304541696,16304549887
16304558080,16304566271
16304578560,16304594943
16304607232,16304615423
16304623616,16304631807
16304640000,16304648191
16304656384,16304664575
16304685056,16304701439
16310206464,16310222847
16310243328,16310251519
16310259712,16310267903
16310276096,16310284287
16310292480,16310300671
16310312960,16310329343
16310341632,16310349823
16310358016,16310366207
16310386688,16310403071
16310534144,16310550527
16310571008,16310579199
16310587392,16310595583
16310603776,16310611967
16310620160,16310628351
16310648832,16310665215
16310796288,16310812671
16310833152,16310841343
16310849536,16310857727
16310870016,16310886399
16310898688,16310906879
16310915072,16310923263
16310931456,16310939647
16310947840,16310956031
16310976512,16310992895
16312303616,16312319999
16312340480,16312348671
16312356864,16312365055
16312373248,16312381439
16312389632,16312397823
16312410112,16312426495
16312438784,16312446975
16312455168,16312463359
16312483840,16312500223
16312631296,16312647679
16312668160,16312676351
16312684544,16312692735
16312700928,16312709119
16312717312,16312725503
16312745984,16312762367
16312893440,16312909823
16312930304,16312938495
16312946688,16312954879
16312967168,16312983551
16312995840,16313004031
16313012224,16313020415
16313028608,16313036799
16313044992,16313053183
16313073664,16313090047
16318595072,16318611455
16318631936,16318640127
16318648320,16318656511
16318664704,16318672895
16318681088,16318689279
16318701568,16318717951
16319258624,16319275007
16319287296,16319295487
16319303680,16319311871
16319320064,16319328255
16319336448,16319344639
16319365120,16319381503
16320692224,16320708607
16320729088,16320737279
16320745472,16320753663
16320761856,16320770047
16320778240,16320786431
16320798720,16320815103
16321355776,16321372159
16321384448,16321392639
16321400832,16321409023
16321417216,16321425407
16321433600,16321441791
16321462272,16321478655
16342728704,16342749183
16342757376,16342765567
16342773760,16342781951
16342790144,16342798335
16342806528,16342818815
16342835200,16342859775
16342945792,16342953983
16342962176,16342970367
16342978560,16342986751
16342994944,16343003135
16343089152,16343113727
16343130112,16343142399
16343150592,16343158783
16343166976,16343175167
16343183360,16343191551
16343199744,16343220223
16343932928,16343949311
16343965696,16343982079
16344064000,16344080383
16344096768,16344113151
16344195072,16344211455
16344227840,16344244223
16344326144,16344342527
16344358912,16344375295
16345088000,16345108479
16345116672,16345124863
16345133056,16345141247
16345149440,16345157631
16345165824,16345178111
16345194496,16345210879
16345227264,16345239551
16345247744,16345255935
16345264128,16345272319
16345280512,16345288703
16345296896,16345317375
16346030080,16346046463
16346062848,16346079231
16346161152,16346177535
16346193920,16346210303
16346292224,16346308607
16346324992,16346341375
16346423296,16346439679
16346456064,16346472447
16347185152,16347205631
16347213824,16347222015
16347230208,16347238399
16347246592,16347254783
16347262976,16347275263
16347291648,16347303935
16347312128,16347320319
16347328512,16347348991
16347512832,16347533311
16347541504,16347549695
16347557888,16347561983
16348086272,16348094463
16348110848,16348123135
16348131328,16348139519
16348147712,16348155903
16348164096,16348172287
16348180480,16348200959
16360931328,16360935423
16360943616,16360951807
16360960000,16360980479
16361144320,16361164799
16361172992,16361181183
16361189376,16361201663
16361218048,16361230335
16361238528,16361246719
16361254912,16361263103
16361271296,16361279487
16361287680,16361308159
16362651648,16362672127
16362680320,16362688511
16362696704,16362704895
16362713088,16362721279
16362729472,16362741759
16362758144,16362770431
16362778624,16362786815
16362795008,16362815487
16362979328,16362999807
16363008000,16363016191
16363024384,16363032575
16363040768,16363048959
16363057152,16363077631
16363241472,16363261951
16363270144,16363278335
16363286528,16363298815
16363315200,16363327487
16363335680,16363343871
16363352064,16363360255
16363368448,16363376639
16363384832,16363405311
16368943104,16368963583
16368971776,16368979967
16368988160,16368996351
16369004544,16369012735
16369020928,16369033215
16369049600,16369061887
16369070080,16369078271
16369086464,16369098751
16369278976,16369291263
16369299456,16369307647
16369315840,16369324031
16369332224,16369340415
16369348608,16369360895
16369541120,16369553407
16369561600,16369569791
16369577984,16369590271
16369606656,16369618943
16369627136,16369635327
16369643520,16369651711
16369659904,16369668095
16369676288,16369696767
16371040256,16371060735
16371068928,16371077119
16371085312,16371093503
16371101696,16371109887
16371118080,16371130367
16371146752,16371159039
16371167232,16371175423
16371183616,16371195903
16371376128,16371388415
16371396608,16371404799
16371412992,16371417087
16938434560,16938438655
16938446848,16938450943
16938680320,16938684415
16938692608,16938700799
16938725376,16938733567
16938741760,16938745855
16939528192,16939536383
16939560960,16939569151
16950378496,16950398975
16950407168,16950415359
16950423552,16950431743
16950439936,16950448127
16950456320,16950468607
16950484992,16950509567
16950595584,16950603775
16950611968,16950620159
16950628352,16950636543
16950644736,16950652927
16950738944,16950771711
16950857728,16950865919
16950874112,16950882303
16950890496,16950898687
16950906880,16950915071
16951001088,16951021567
16951029760,16951037951
16951046144,16951066623
16951230464,16951250943
16951259136,16951267327
16951275520,16951295999
16951382016,16951390207
16951398400,16951406591
16951414784,16951422975
16951431168,16951439359
16951525376,16951541759
16953114624,16953131007
16953217024,16953225215
16953233408,16953241599
16953249792,16953257983
16953266176,16953274367
16953360384,16953393151
16953479168,16953487359
16953495552,16953503743
16953511936,16953520127
16953528320,16953536511
16953622528,16953638911
16955211776,16955228159
16955314176,16955322367
16955330560,16955338751
16955346944,16955355135
16955363328,16955371519
16955457536,16955478015
16955486208,16955494399
16955502592,16955523071
16955686912,16955707391
16955715584,16955723775
16955731968,16955752447
16955838464,16955846655
16955854848,16955863039
16955871232,16955879423
16955887616,16955895807
16955981824,16956014591
16956100608,16956108799
16956116992,16956125183
16956133376,16956141567
16956149760,16956157951
16956243968,16956268543
16956284928,16956297215
16956305408,16956313599
16956321792,16956329983
16956338176,16956346367
16956354560,16956375039
17000710144,17000730623
17000738816,17000747007
17000755200,17000763391
17000771584,17000779775
17000787968,17000800255
17000816640,17000841215
17000927232,17000935423
17000943616,17000951807
17000960000,17000968191
17000976384,17000984575
17001070592,17001103359
17001189376,17001197567
17001205760,17001213951
17001222144,17001230335
17001238528,17001246719
17001332736,17001353215
17001361408,17001369599
17001377792,17001398271
17001562112,17001582591
17001590784,17001598975
17001607168,17001627647
17001713664,17001721855
17001730048,17001738239
17001746432,17001754623
17001762816,17001771007
17001857024,17001881599
17001897984,17001910271
17001918464,17001926655
17001934848,17001943039
17001951232,17001959423
17001967616,17001988095
17003331584,17003352063
17003360256,17003368447
17003376640,17003384831
17003393024,17003401215
17003409408,17003421695
17003438080,17003462655
17003548672,17003556863
17003565056,17003573247
17003581440,17003589631
17003597824,17003606015
17003692032,17003724799
17003810816,17003819007
17003827200,17003835391
17003843584,17003851775
17003859968,17003868159
17003954176,17003978751
17003995136,17004007423
17004015616,17004023807
17004032000,17004040191
17004048384,17004056575
17004064768,17004085247
17005428736,17005449215
17005457408,17005465599
17005473792,17005481983
17005490176,17005498367
17005506560,17005518847
17005535232,17005559807
17005645824,17005654015
17005662208,17005670399
17005678592,17005686783
17005694976,17005703167
17005789184,17005809663
17005817856,17005826047
17005834240,17005854719
17006018560,17006039039
17006047232,17006055423
17006063616,17006084095
17006170112,17006178303
17006186496,17006194687
17006202880,17006211071
17006219264,17006227455
17006313472,17006346239
17006432256,17006440447
17006448640,17006456831
17006465024,17006473215
17006481408,17006489599
17006575616,17006600191
17006616576,17006628863
17006637056,17006645247
17006653440,17006661631
17006669824,17006678015
17006686208,17006706687
17017516032,17017524223
17017548800,17017556991
17018339328,17018343423
17018351616,17018359807
17018384384,17018392575
17018400768,17018404863
17018634240,17018638335
17018646528,17018658815
17018753024,17018761215
17340977152,17340985343
17341079552,17341091839
17341100032,17341104127
17341333504,17341337599
17341345792,17341353983
17341378560,17341386751
17341394944,17341399039
17342181376,17342189567
17342214144,17342222335
17353031680,17353052159
17353060352,17353068543
17353076736,17353084927
17353093120,17353101311
17353109504,17353121791
17353138176,17353162751
17353248768,17353256959
17353265152,17353273343
17353281536,17353289727
17353297920,17353306111
17353392128,17353424895
17353510912,17353519103
17353527296,17353535487
17353543680,17353551871
17353560064,17353568255
17353654272,17353674751
17353682944,17353691135
17353699328,17353719807
17353883648,17353904127
17353912320,17353920511
17353928704,17353949183
17354035200,17354043391
17354051584,17354059775
17354067968,17354076159
17354084352,17354092543
17354178560,17354203135
17354219520,17354231807
17354240000,17354248191
17354256384,17354264575
17354272768,17354280959
17354289152,17354309631
17355653120,17355673599
17355681792,17355689983
17355698176,17355706367
17355714560,17355722751
17355730944,17355743231
17355759616,17355784191
17355870208,17355878399
17355886592,17355894783
17355902976,17355911167
17355919360,17355927551
17356013568,17356046335
17356132352,17356140543
17356148736,17356156927
17356165120,17356173311
17356181504,17356189695
17356275712,17356300287
17356316672,17356328959
17356337152,17356345343
17356353536,17356361727
17356369920,17356378111
17356386304,17356406783
17357750272,17357770751
17357778944,17357787135
17357795328,17357803519
17357811712,17357819903
17357828096,17357840383
17357856768,17357881343
17357967360,17357975551
17357983744,17357991935
17358000128,17358008319
17358016512,17358024703
17358110720,17358131199
17358139392,17358147583
17358155776,17358176255
17358340096,17358360575
17358368768,17358376959
17358385152,17358405631
17358491648,17358499839
17358508032,17358516223
17358524416,17358532607
17358540800,17358548991
17358635008,17358667775
17358753792,17358761983
17358770176,17358778367
17358786560,17358794751
17358802944,17358811135
17358897152,17358921727
17358938112,17358950399
17358958592,17358966783
17358974976,17358983167
17358991360,17358999551
17359007744,17359028223
17403363328,17403383807
17403392000,17403400191
17403408384,17403416575
17403424768,17403432959
17403441152,17403453439
17403469824,17403494399
17403580416,17403588607
17403596800,17403604991
17403613184,17403621375
17403629568,17403637759
17403723776,17403756543
17403842560,17403850751
17403858944,17403867135
17403875328,17403883519
17403985920,17403994111
17404018688,17404022783
17404030976,17404051455
17404215296,17404235775
17404243968,17404248063
17408475136,17408479231
17408487424,17408507903
17408671744,17408692223
17408700416,17408704511
17408729088,17408737279
17408839680,17408847871
17408856064,17408864255
17408872448,17408880639
17408966656,17408999423
17409085440,17409093631
17409101824,17409110015
17409118208,17409126399
17409134592,17409142783
17409228800,17409253375
17409269760,17409282047
17409290240,17409298431
17409306624,17409314815
17409323008,17409331199
17409339392,17409359871
17420169216,17420177407
17420201984,17420210175
17420992512,17420996607
17421004800,17421008959
17421009088,17421009215
17421009344,17421009663
17421012288,17421012415
17421012672,17421012799
17990041600,17990045695
17990053888,17990062079
17990070272,17990078463
17990086656,17990094847
17990103040,17990111231
17990119424,17990131711
17990168576,17990176767
17990194176,17990196223
17990377472,17990389759
17990397952,17990406143
17990414336,17990422527
17990430720,17990438911
17990447104,17990459391
17990639616,17990651903
17990660096,17990668287
17990676480,17990688767
17990705152,17990717439
17990725632,17990733823
17990742016,17990750207
17990758400,17990766591
17990774784,17990795263
17996333056,17996353535
17996361728,17996369919
17996378112,17996386303
17996394496,17996402687
17996410880,17996423167
17996439552,17996451839
17996460032,17996468223
17996476416,17996496895
17996660736,17996681215
17996689408,17996697599
17996705792,17996713983
17996722176,17996730367
17996738560,17996759039
17996926976,17996935167
17996951552,17996959743
17996996608,17997008895
17997017088,17997025279
17997033472,17997041663
17997049856,17997058047
17997066240,17997074431
17997082624,17997086719
18012463104,18012475391
18012483584,18012491775
18012499968,18012508159
18012516352,18012524543
18012532736,18012540927
18012549120,18012553215
18013265920,18013282303
18013298688,18013315071
18013396992,18013413375
18013429760,18013446143
18013528064,18013544447
18013560832,18013577215
18013659136,18013675519
18013691904,18013708287
18014420992,18014425087
18014433280,18014441471
18014449664,18014457855
18014466048,18014474239
18014482432,18014490623
18014498816,18014511103
18014560256,18014572543
18014580736,18014588927
18014597120,18014605311
18014613504,18014621695
18014629888,18014638079
18014646272,18014650367
18015363072,18015379455
18015395840,18015412223
18015494144,18015510527
18015526912,18015543295
18015625216,18015641599
18015657984,18015674367
18015756288,18015772671
18015789056,18015805439
18016518144,18016522239
18016530432,18016538623
18016546816,18016555007
18016563200,18016571391
18016579584,18016587775
18016595968,18016608255
18020843520,18020859903
18020925440,18020929535
18020937728,18020945919
18020954112,18020962303
18020970496,18020978687
18020986880,18020990975
18021056512,18021072895
18021097472,18021113855
18021126144,18021134335
18021142528,18021150719
18021158912,18021167103
18021175296,18021183487
18021203968,18021220351
18021613568,18022399999
18022531072,18022547455
18022567936,18022576127
18022584320,18022592511
18022600704,18022608895
18022617088,18022625279
18022637568,18022653951
18022678528,18022694911
18022727680,18022764543
18022772736,18022780927
18022789120,18022797311
18022805504,18022813695
18022821888,18022858751
18022891520,18022907903
18022940672,18022957055
18023022592,18023026687
18023034880,18023043071
18023051264,18023059455
18023067648,18023075839
18023084032,18023088127
18023153664,18023170047
18023194624,18023211007
18023223296,18023231487
18023239680,18023247871
18023256064,18023264255
18023272448,18023280639
18023301120,18023317503
18024628224,18024644607
18024665088,18024673279
18024681472,18024689663
18024697856,18024706047
18024714240,18024722431
18024734720,18024751103
18024775680,18024792063
18024857600,18024861695
18024869888,18024878079
18024886272,18024894463
18024902656,18024910847
18024919040,18024923135
18024988672,18025005055
18029232128,18029248511
18029314048,18029318143
18029326336,18029334527
18029342720,18029350911
18029359104,18029367295
18029375488,18029379583
18029445120,18029461503
18029486080,18029502463
18029514752,18029522943
18029531136,18029539327
18029547520,18029555711
18029563904,18029572095
18029592576,18029608959
18030264320,18030526463
18030919680,18030936063
18030956544,18030964735
18030972928,18030981119
18030989312,18030997503
18031005696,18031013887
18031026176,18031042559
18031067136,18031083519
18031149056,18031153151
18031161344,18031169535
18031177728,18031185919
18031194112,18031202303
18031210496,18031214591
18031280128,18031296511
18031329280,18031345663
18031411200,18031415295
18031423488,18031431679
18031439872,18031448063
18031456256,18031464447
18031472640,18031476735
18031542272,18031558655
18031583232,18031599615
18031611904,18031620095
18031628288,18031636479
18031644672,18031652863
18031661056,18031669247
18031689728,18031706111
18031738880,18031771647
18031804416,18032361471
18033016832,18033033215
18033053696,18033061887
18033070080,18033078271
18033086464,18033094655
18033102848,18033111039
18033123328,18033139711
18033164288,18033180671
18033246208,18033250303
18033258496,18033266687
18033274880,18033283071
18033291264,18033299455
18033307648,18033311743
18033377280,18033393663
18043899904,18043908095
18043916288,18043924479
18043944960,18043961343
18044092416,18044108799
18044129280,18044137471
18044145664,18044153855
18044174336,18044190719
18044256256,18044260351
18044268544,18044276735
18044284928,18044293119
18044301312,18044309503
18044317696,18044321791
18044387328,18044403711
18044436480,18044452863
18044518400,18044522495
18044530688,18044538879
18044547072,18044555263
18044563456,18044571647
18044579840,18044583935
18044649472,18044665855
18044690432,18044706815
18044719104,18044727295
18044735488,18044743679
18044751872,18044760063
18044768256,18044776447
18044796928,18044813311
18046320640,18046337023
18046361600,18046377983
18046394368,18046410751
18046435328,18046451711
18046582784,18046599167
18046623744,18046640127
18046656512,18046664703
18046701568,18046709759
18046717952,18046726143
18046734336,18046742527
18046754816,18046771199
18046783488,18046791679
18046799872,18046808063
18046828544,18046844927
18046976000,18046992383
18047012864,18047021055
18047029248,18047037439
18047045632,18047053823
18047062016,18047070207
18047090688,18047107071
18047238144,18047254527
18047275008,18047283199
18047291392,18047299583
18047311872,18047328255
18047340544,18047348735
18047356928,18047365119
18047373312,18047381503
18047418368,18047426559
18047442944,18047459327
18047483904,18047500287
18047631360,18047647743
18047672320,18047688703
18047705088,18047721471
18047746048,18047762431
18048417792,18048434175
18048458752,18048475135
18048491520,18048507903
18048532480,18048548863
18048679936,18048696319
18048720896,18048737279
18048753664,18048761855
18048798720,18048806911
18048815104,18048823295
18048831488,18048839679
18048851968,18048868351
18048880640,18048888831
18048897024,18048905215
18048925696,18048942079
18049073152,18049089535
18049110016,18049118207
18049126400,18049134591
18049142784,18049150975
18049159168,18049167359
18049187840,18049204223
18049335296,18049351679
18049372160,18049380351
18049388544,18049396735
18049409024,18049425407
18049437696,18049445887
18049454080,18049462271
18049470464,18049478655
18049515520,18049523711
18049540096,18049556479
18049581056,18049597439
18049728512,18049744895
18049769472,18049785855
18049802240,18049818623
18049843200,18049859583
18050842624,18050859007
18050879488,18050887679
18050895872,18050904063
18050912256,18050920447
18050928640,18050936831
18050949120,18050965503
18050977792,18050985983
18050994176,18051002367
18051022848,18051039231
18051170304,18051186687
18051207168,18051215359
18051223552,18051231743
18051239936,18051248127
18051256320,18051264511
18051284992,18051301375
18051432448,18051448831
18051469312,18051477503
18051485696,18051493887
18051506176,18051522559
18051534848,18051543039
18051551232,18051559423
18051567616,18051575807
18051584000,18051592191
18051612672,18051629055
18055036928,18055053311
18055073792,18055081983
18055090176,18055098367
18055106560,18055114751
18055122944,18055131135
18055143424,18055159807
18055172096,18055180287
18055188480,18055196671
18055217152,18055233535
18055364608,18055380991
18055401472,18055409663
18055417856,18055426047
18055434240,18055442431
18055450624,18055458815
18055479296,18055495679
18055626752,18055643135
18055663616,18055671807
18055680000,18055688191
18055700480,18055716863
18055729152,18055737343
18055745536,18055753727
18055761920,18055770111
18055778304,18055786495
18055806976,18055823359
18057134080,18057150463
18057170944,18057179135
18057187328,18057195519
18057203712,18057211903
18057220096,18057228287
18057240576,18057256959
18057269248,18057277439
18057285632,18057293823
18057314304,18057330687
18057461760,18057478143
18057498624,18057506815
18057515008,18057523199
18057531392,18057539583
18057547776,18057555967
18057576448,18057592831
18057723904,18057740287
18057760768,18057768959
18057777152,18057785343
18057797632,18057814015
18057826304,18057834495
18057842688,18057850879
18057859072,18057867263
18057875456,18057883647
18057904128,18057920511
18063425536,18063441919
18063462400,18063470591
18063478784,18063486975
18063495168,18063503359
18063511552,18063519743
18063532032,18063548415
18063560704,18063568895
18063577088,18063585279
18063605760,18063622143
18063753216,18063769599
18063790080,18063798271
18063806464,18063814655
18063822848,18063831039
18063839232,18063847423
18063867904,18063884287
18064015360,18064031743
18064052224,18064060415
18064068608,18064076799
18064089088,18064105471
18064117760,18064125951
18064134144,18064142335
18064150528,18064158719
18064166912,18064175103
18064195584,18064211967
18065522688,18065539071
18065559552,18065567743
18065575936,18065584127
18065592320,18065600511
18065608704,18065616895
18065629184,18065645567
18065657856,18065666047
18065674240,18065682431
18065702912,18065719295
18065850368,18065866751
18065887232,18065895423
18065903616,18065911807
18065920000,18065928191
18065936384,18065944575
18065965056,18065981439
18066112512,18066128895
18066149376,18066157567
18066165760,18066173951
18066186240,18066202623
18066214912,18066223103
18066231296,18066239487
18066247680,18066255871
18066264064,18066272255
18066292736,18066309119
18069061632,18085855231
18085941248,18085949439
18085957632,18085965823
18085974016,18085982207
18085990400,18085998591
18086084608,18086109183
18086125568,18086137855
18086146048,18086154239
18086162432,18086170623
18086178816,18086187007
18086195200,18086215679
18087559168,18087579647
18087587840,18087596031
18087604224,18087612415
18087620608,18087628799
18087636992,18087649279
18087665664,18087690239
18087776256,18087784447
18087792640,18087800831
18087809024,18087817215
18087825408,18087833599
18087919616,18087944191
18087960576,18087972863
18087981056,18087989247
18087997440,18088005631
18088013824,18088022015
18088030208,18088050687
18088763392,18088779775
18088796160,18088812543
18088894464,18088910847
18088927232,18088943615
18089025536,18089041919
18089058304,18089074687
18089156608,18089172991
18089189376,18089205759
18089918464,18089938943
18089947136,18089955327
18089963520,18089971711
18089979904,18089988095
18089996288,18090008575
18090024960,18090041343
18090057728,18090070015
18090078208,18090086399
18090094592,18090102783
18090110976,18090119167
18090127360,18090147839
18090860544,18090876927
18090893312,18090909695
18090991616,18091007999
18091024384,18091040767
18091122688,18091139071
18091155456,18091171839
18091253760,18091270143
18091286528,18091302911
18092015616,18092036095
18092044288,18092052479
18092060672,18092068863
18092077056,18092085247
18092093440,18092105727
18092122112,18092134399
18092142592,18092150783
18092158976,18092179455
18092343296,18092363775
18092371968,18092380159
18092388352,18092408831
18092494848,18092503039
18092511232,18092519423
18092527616,18092535807
18092544000,18092552191
18092638208,18092670975
18092756992,18092765183
18092773376,18092781567
18092789760,18092797951
18092806144,18092814335
18092900352,18092924927
18092941312,18092953599
18092961792,18092969983
18092978176,18092986367
18092994560,18093002751
18093010944,18093031423
18105384960,18105405439
18105413632,18105421823
18105430016,18105438207
18105446400,18105454591
18105462784,18105475071
18105491456,18105503743
18105511936,18105520127
18105528320,18105548799
18105712640,18105733119
18105741312,18105749503
18105757696,18105765887
18105774080,18105782271
18105790464,18105810943
18105974784,18105995263
18106003456,18106011647
18106019840,18106032127
18106048512,18106060799
18106068992,18106077183
18106085376,18106093567
18106101760,18106109951
18106118144,18106138623
18107482112,18107502591
18107510784,18107518975
18107527168,18107535359
18107543552,18107551743
18107559936,18107572223
18107588608,18107600895
18107609088,18107617279
18107625472,18107645951
18107809792,18107830271
18107838464,18107846655
18107854848,18107863039
18107871232,18107879423
18107887616,18107908095
18108071936,18108092415
18108100608,18108108799
18108116992,18108129279
18108145664,18108157951
18108166144,18108174335
18108182528,18108190719
18108198912,18108207103
18108215296,18108235775
18113773568,18113794047
18113802240,18113810431
18113818624,18113826815
18113835008,18113843199
18113851392,18113863679
18113880064,18113892351
18113900544,18113908735
18113916928,18113929215
18114109440,18114121727
18114129920,18114138111
18114146304,18114154495
18114162688,18114170879
18114179072,18114191359
18114371584,18114383871
18114392064,18114400255
18114408448,18114420735
18114437120,18114449407
18114457600,18114465791
18114473984,18114482175
18114490368,18114498559
18114506752,18114527231
18115870720,18115891199
18115899392,18115907583
18115915776,18115923967
18115932160,18115940351
18115948544,18115960831
18115977216,18115989503
18115997696,18116005887
18116014080,18116026367
18116206592,18116218879
18116227072,18116235263
18116243456,18116251647
18116259840,18116268031
18116276224,18116288511
18116468736,18116481023
18116489216,18116497407
18116505600,18116517887
18116534272,18116546559
18116554752,18116562943
18116571136,18116579327
18116587520,18116595711
18116603904,18116624383
20652359680,20652425215
20668645376,20668649471
20668657664,20668665855
20668674048,20668682239
20668690432,20668698623
20668706816,20668710911
20669267968,20669272063
20669280256,20669288447
20669296640,20669317119
20669480960,20669501439
20669509632,20669517823
20669526016,20669534207
20669542400,20669550591
20669558784,20669579263
20669743104,20669763583
20669771776,20669779967
20669788160,20669808639
20669894656,20669902847
20669911040,20669919231
20669927424,20669935615
20669943808,20669951999
20670038016,20670070783
20670156800,20670164991
20670173184,20670181375
20670189568,20670197759
20670205952,20670214143
20670300160,20670324735
20670341120,20670353407
20670361600,20670369791
20670377984,20670386175
20670394368,20670402559
20670410752,20670431231
20676165632,20676190207
20676206592,20676222975
20676239360,20676263935
20676427776,20676452351
20676468736,20676485119
20676501504,20676526079
20677214208,20677238783
20677255168,20677271551
20677287936,20677312511
20677476352,20677500927
20677517312,20677533695
20677550080,20677574655
20678262784,20678287359
20678303744,20678320127
20678336512,20678361087
20678524928,20678549503
20678565888,20678582271
20678598656,20678623231
20679311360,20679335935
20679352320,20679368703
20679385088,20679409663
20679573504,20679598079
20679614464,20679630847
20679647232,20679671807
20685406208,20685426687
20685434880,20685443071
20685451264,20685459455
20685467648,20685475839
20685484032,20685496319
20685512704,20685537279
20685623296,20685631487
20685639680,20685647871
20685656064,20685664255
20685672448,20685680639
20685766656,20685799423
20685885440,20685893631
20685901824,20685910015
20685918208,20685926399
20685934592,20685942783
20686028800,20686049279
20686057472,20686065663
20686073856,20686094335
20686258176,20686278655
20686286848,20686295039
20686303232,20686323711
20686409728,20686417919
20686426112,20686434303
20686442496,20686450687
20686458880,20686467071
20686553088,20686577663
20686594048,20686606335
20686614528,20686622719
20686630912,20686639103
20686647296,20686651391
20686675968,20686684159
20688027648,20688035839
20688060416,20688064511
20688072704,20688080895
20688089088,20688097279
20688105472,20688117759
20688134144,20688158719
20688244736,20688252927
20688261120,20688269311
20688277504,20688285695
20688293888,20688302079
20688388096,20688412671
20688429056,20688441343
20688449536,20688457727
20688465920,20688474111
20688482304,20688490495
20688498688,20688519167
20689231872,20689248255
20689264640,20689281023
20689362944,20689379327
20689395712,20689412095
20689494016,20689510399
20689526784,20689543167
20689625088,20689629183
20689637376,20689641471
20689657856,20689661951
20689670144,20689674239
20690386944,20690407423
20690415616,20690423807
20690432000,20690440191
20690448384,20690452479
20690472960,20690477055
20690493440,20690497535
20782780416,20782784511
20782800896,20782804991
20782825472,20782829567
20782837760,20782845951
20782854144,20782862335
20782870528,20782891007
20783603712,20783607807
20783616000,20783620095
20783636480,20783640575
20783648768,20783652863
20783734784,20783751167
20783767552,20783783935
20783865856,20783882239
20783898624,20783915007
20783996928,20784013311
20784029696,20784046079
20784758784,20784779263
20784787456,20784795647
20784803840,20784812031
20784820224,20784828415
20784836608,20784848895
20784865280,20784889855
20784975872,20784984063
20784992256,20785000447
20785008640,20785016831
20785025024,20785033215
20785119232,20785143807
20785160192,20785172479
20785180672,20785188863
20785197056,20785205247
20785213440,20785217535
20785242112,20785250303
20786593792,20786601983
20786626560,20786630655
20786638848,20786647039
20786655232,20786663423
20786671616,20786683903
20786700288,20786724863
20786810880,20786819071
20786827264,20786835455
20786843648,20786851839
20786860032,20786868223
20786954240,20786974719
20786982912,20786991103
20786999296,20787019775
20787183616,20787204095
20787212288,20787220479
20787228672,20787249151
20787335168,20787343359
20787351552,20787359743
20787367936,20787376127
20787384320,20787392511
20787478528,20787511295
20787597312,20787605503
20787613696,20787621887
20787630080,20787638271
20787646464,20787654655
20787740672,20787765247
20787781632,20787793919
20787802112,20787810303
20787818496,20787826687
20787834880,20787843071
20787851264,20787871743
20793606144,20793630719
20793647104,20793663487
20793679872,20793704447
20793868288,20793892863
20793909248,20793925631
20793942016,20793966591
20794654720,20794679295
20794695680,20794712063
20794728448,20794753023
20794916864,20794941439
20794957824,20794974207
20794990592,20795015167
20795703296,20795727871
20795744256,20795760639
20795777024,20795801599
20795965440,20795990015
20796006400,20796022783
20796039168,20796063743
20796751872,20796776447
20796792832,20796809215
20796825600,20796850175
20797014016,20797038591
20797054976,20797071359
20797087744,20797112319
20802846720,20802867199
20802875392,20802883583
20802891776,20802899967
20802908160,20802916351
20802924544,20802936831
20802953216,20802977791
20803063808,20803071999
20803080192,20803088383
20803096576,20803104767
20803112960,20803121151
20803207168,20803239935
20803325952,20803334143
20803342336,20803350527
20803358720,20803366911
20803375104,20803383295
20803469312,20803489791
20803497984,20803506175
20803514368,20803534847
20803698688,20803719167
20803727360,20803735551
20803743744,20820525055
20854079488,20870856703
20873641984,20873674751
20873707520,20873740287
20874362880,20874428415
20875608064,20875640831
20875837440,20876361727
20876558336,20876591103
20876656640,20876689407
20876722176,20876754943
20925710336,20925743103
20928921600,20928954367
20929019904,20929052671
20929314816,20930101247
20930396160,20930428927
20931936256,20932722687
20933083136,20933115903
20933181440,20933214207
20933312512,20933378047
254789304320,254789308415
254789316608,254789337087
254789500928,254789521407
254789529600,254789533695
254789558272,254789566463
254789795840,254789828607
254790057984,254790082559
254790098944,254790111231
254790119424,254790127615
254790135808,254790143999
254790152192,254790160383
254790168576,254790189055
