13422034944,13422559231
13423083520,13423607807
13424918528,13435404287
13436715008,13437239295
13437763584,13438287871
13439598592,13445103615
13445627904,13446152191
13446676480,13447200767
13447725056,13448249343
13448773632,13454278655
13456375808,13461880831
13462405120,13462929407
13463453696,13463977983
13464502272,13465026559
13465550848,13471055871
13472628736,13473677311
13474463744,13474988031
13475512320,13476036607
13476560896,13477085183
13477609472,13478133759
13479444480,13555994623
13556002816,13556011007
13556019200,13556039679
13556203520,13556223999
13556232192,13556240383
13556248576,13556269055
13556355072,13556363263
13556371456,13556379647
13556387840,13556396031
13556404224,13556412415
13556498432,13556531199
13556617216,13556625407
13556633600,13556641791
13556649984,13556658175
13556666368,13556674559
13556760576,13556785151
13556801536,13556813823
13556822016,13556830207
13556838400,13556846591
13556854784,13556862975
13556871168,13556891647
13562626048,13562650623
13562667008,13562683391
13562699776,13562724351
13562888192,13562912767
13562929152,13562945535
13562961920,13562986495
13563674624,13563699199
13563715584,13563731967
13563748352,13563772927
13563936768,13563961343
13563977728,13563994111
13564010496,13564035071
13564723200,13564747775
13564764160,13564780543
13564796928,13564821503
13564985344,13565009919
13565026304,13565042687
13565059072,13565083647
13565771776,13565796351
13565812736,13565829119
13565845504,13565870079
13566033920,13566058495
13566074880,13566091263
13566107648,13566132223
13571866624,13571887103
13571895296,13571903487
13571911680,13571919871
13571928064,13571936255
13571944448,13571956735
13571973120,13571997695
13572083712,13572091903
13572100096,13572108287
13572116480,13572124671
13572132864,13572141055
13572227072,13572259839
13572345856,13572354047
13572362240,13572370431
13572378624,13572386815
13572395008,13572403199
13572489216,13572509695
13572517888,13572526079
13572534272,13572554751
13572718592,13572739071
13572747264,13572755455
13572763648,13572784127
13572870144,13572878335
13572886528,13572894719
13572902912,13572911103
13572919296,13572927487
13573013504,13573038079
13573054464,13573066751
13573074944,13573083135
13573091328,13573099519
13573107712,13573115903
13573124096,13573144575
13574488064,13574508543
13574516736,13574524927
13574533120,13574541311
13574549504,13574557695
13574565888,13574578175
13574594560,13574619135
13574705152,13574713343
13574721536,13574729727
13574737920,13574746111
13574754304,13574762495
13574848512,13574873087
13574889472,13574901759
13574909952,13574918143
13574926336,13574934527
13574942720,13574950911
13574959104,13574979583
13575692288,13575708671
13575725056,13575741439
13575823360,13575839743
13575856128,13575872511
13575954432,13575970815
13575987200,13576003583
13576085504,13576101887
13576118272,13576134655
13576847360,13576867839
13576876032,13576884223
13576892416,13576900607
13576908800,13576916991
13576925184,13576937471
13576953856,13576970239
13576986624,13576998911
13577007104,13577015295
13577023488,13577031679
13577039872,13577048063
13577056256,13577076735
13577789440,13577805823
13577822208,13577838591
13577920512,13577936895
13577953280,13577969663
13579583488,13579599871
13579685888,13579694079
13579702272,13579710463
13579718656,13579726847
13579735040,13579743231
13579829248,13579853823
13579870208,13579882495
13579890688,13579898879
13579907072,13579915263
13579923456,13579931647
13579939840,13579960319
13666238464,13666258943
13666267136,13666275327
13666283520,13666291711
13666299904,13666308095
13666316288,13666328575
13666344960,13666369535
13666455552,13666463743
13666471936,13666480127
13666488320,13666496511
13666504704,13666512895
13666598912,13666615295
13668229120,13668245503
13668261888,13668278271
13668360192,13668376575
13668392960,13668409343
13669122048,13669142527
13669150720,13669158911
13669167104,13669175295
13669183488,13669191679
13669199872,13669212159
13669228544,13669244927
13669261312,13669273599
13669281792,13669289983
13669298176,13669306367
13669314560,13669322751
13669330944,13669351423
13670064128,13670080511
13670096896,13670113279
13670195200,13670211583
13670227968,13670244351
13670326272,13670342655
13670359040,13670375423
13670457344,13670473727
13670490112,13670506495
13671219200,13671239679
13671247872,13671256063
13671264256,13671272447
13671280640,13671288831
13671297024,13671309311
13671325696,13671350271
13671436288,13671444479
13671452672,13671460863
13671469056,13671477247
13671485440,13671493631
13671579648,13671604223
13671620608,13671632895
13671641088,13671649279
13671657472,13671665663
13671673856,13671682047
13671690240,13671710719
13673054208,13673074687
13673082880,13673091071
13673099264,13673107455
13673115648,13673123839
13673132032,13673144319
13673160704,13673185279
13673271296,13673279487
13673287680,13673295871
13673304064,13673312255
13673320448,13673328639
13673414656,13673435135
13673443328,13673451519
13673459712,13673480191
13673644032,13673664511
13673672704,13673680895
13673689088,13673709567
13673795584,13673803775
13673811968,13673820159
13673828352,13673836543
13673844736,13673852927
13673938944,13673971711
13674057728,13674065919
13674074112,13674082303
13674090496,13674098687
13674106880,13674115071
13674201088,13674225663
13674242048,13674254335
13674262528,13674270719
13674278912,13674287103
13674295296,13674303487
13674311680,13674332159
13680066560,13680091135
13680107520,13680123903
13680140288,13680164863
13680328704,13680353279
13680369664,13680386047
13680402432,13680427007
13681115136,13681139711
13681156096,13681172479
13681188864,13681213439
13681377280,13681401855
13681418240,13681434623
13681451008,13681475583
13682163712,13682188287
13682204672,13682221055
13682237440,13682262015
13682425856,13682450431
13682466816,13682483199
13682499584,13682524159
13683212288,13683236863
13683253248,13683269631
13683286016,13683310591
13683474432,13683499007
13683515392,13683531775
13683548160,13683572735
13689307136,13689327615
13689335808,13689343999
13689352192,13689360383
13689368576,13689376767
13689384960,13689397247
13689413632,13689438207
13689524224,13689532415
13689540608,13689548799
13689556992,13689565183
13689573376,13689581567
13689667584,13689700351
13689786368,13689794559
13689802752,13689810943
13689819136,13689827327
13689835520,13689843711
13689929728,13689950207
13689958400,13689966591
13689974784,13689995263
13690159104,13690179583
13690187776,13690195967
13690204160,13690273791
13690404864,13690503167
13690568704,13690634239
13690699776,13690765311
13690830848,13690896383
13690961920,13691125759
13696827392,13696958463
13697089536,13697220607
13697875968,13698007039
13698138112,13698269183
13698924544,13699055615
13699186688,13699317759
13699973120,13700104191
13700235264,13700366335
13706067968,13706231807
13706297344,13706362879
13706428416,13706493951
13706559488,13706625023
13706690560,13706788863
13706919936,13707001855
13707087872,13707096063
13707104256,13707112447
13707120640,13707128831
13707137024,13707145215
13707231232,13707255807
13707272192,13707284479
13707292672,13707300863
13707309056,13707317247
13707325440,13707333631
13707341824,13707362303
13708705792,13708726271
13708734464,13708742655
13708750848,13708759039
13708767232,13708775423
13708783616,13708795903
13708812288,13708836863
13708922880,13708931071
13708939264,13708947455
13708955648,13708963839
13708972032,13708980223
13709066240,13709090815
13709107200,13709152255
13709160448,13709168639
13709176832,13709197311
13709901824,13709967359
13710032896,13710098431
13710163968,13710229503
13710295040,13710360575
13711065088,13711085567
13711093760,13711101951
13711110144,13711118335
13711126528,13711134719
13711142912,13711155199
13711171584,13711187967
13711204352,13711216639
13711224832,13711233023
13711241216,13711249407
13711257600,13711265791
13711273984,13711294463
13712007168,13712023551
13712039936,13712056319
13712138240,13712154623
13712171008,13712187391
13713801216,13713817599
13713903616,13713911807
13713920000,13713928191
13713936384,13713944575
13713952768,13713960959
13714046976,13714071551
13714087936,13714100223
13714108416,13714116607
13714124800,13714132991
13714141184,13714149375
13714157568,13714178047
13800439808,13800603647
13800669184,13800734719
13800800256,13800833023
13802438656,13802504191
13802569728,13802635263
13803323392,13803585535
13804273664,13804339199
13804404736,13804470271
13804535808,13804601343
13804666880,13804732415
13805420544,13805584383
13805649920,13805715455
13805780992,13805944831
13807255552,13807419391
13807484928,13807550463
13807616000,13807714303
13807845376,13807943679
13808009216,13808074751
13808140288,13808205823
13808271360,13808336895
13808402432,13808566271
13814267904,13814398975
13814530048,13814661119
13815316480,13815447551
13815578624,13815709695
13816365056,13816496127
13816627200,13816758271
13817413632,13817544703
13817675776,13817806847
13823508480,13823672319
13823737856,13823803391
13823868928,13823934463
13824000000,13824065535
13824131072,13824229375
13824360448,13867417599
13868728320,13869252607
13869776896,13870301183
13870825472,13871349759
13871874048,13872398335
13873184768,13874233343
13875019776,13875544063
13876068352,13876592639
13877903360,13888389119
13889699840,13890224127
13890748416,13891272703
13891796992,13892321279
13892845568,13893369855
13894680576,13905166335
13906477056,13907001343
13907525632,13908049919
13908836352,13909884927
13910671360,13911195647
13911719936,13912244223
13912768512,13913292799
13913817088,13914341375
13915652096,13958643711
16243113984,16243134463
16243142656,16243150847
16243159040,16243167231
16243175424,16243183615
16243191808,16243204095
16243220480,16243232767
16243240960,16243249151
16243257344,16243269631
16243449856,16243462143
16243470336,16243478527
16243486720,16243494911
16243503104,16243511295
16243519488,16243531775
16243712000,16243724287
16243732480,16243740671
16243748864,16243761151
16243777536,16243789823
16243798016,16243806207
16243814400,16243822591
16243830784,16243838975
16243847168,16243867647
16245211136,16245231615
16245239808,16245247999
16245256192,16245264383
16245272576,16245280767
16245288960,16245301247
16245317632,16245329919
16245338112,16245346303
16245354496,16245366783
16245547008,16245559295
16245567488,16245575679
16245583872,16245592063
16245600256,16245608447
16245616640,16245628927
16245809152,16245821439
16245829632,16245837823
16245846016,16245858303
16245874688,16245886975
16245895168,16245903359
16245911552,16245919743
16245927936,16245936127
16245944320,16245964799
16251502592,16251523071
16251531264,16251539455
16251547648,16251555839
16251564032,16251572223
16251580416,16251592703
16251609088,16251621375
16251629568,16251637759
16251645952,16251666431
16251830272,16251850751
16251858944,16251867135
16251875328,16251883519
16251891712,16251899903
16251908096,16251928575
16252092416,16252112895
16252121088,16252129279
16252137472,16252149759
16252166144,16252178431
16252186624,16252194815
16252203008,16252211199
16252219392,16252227583
16252235776,16252256255
16253599744,16253620223
16253628416,16253636607
16253644800,16253652991
16253661184,16253669375
16253677568,16253689855
16253706240,16253718527
16253726720,16253734911
16253743104,16253763583
16253927424,16253947903
16253956096,16253964287
16253972480,16253980671
16253988864,16253997055
16254005248,16254025727
16254189568,16254210047
16254218240,16254226431
16254234624,16254246911
16254263296,16254275583
16254283776,16254291967
16254300160,16254308351
16254316544,16254324735
16254332928,16254353407
16266706944,16266727423
16266735616,16266743807
16266752000,16266760191
16266768384,16266776575
16266784768,16266797055
16266813440,16266838015
16266924032,16266932223
16266940416,16266948607
16266956800,16266964991
16266973184,16266981375
16267067392,16267100159
16267186176,16267194367
16267202560,16267210751
16267218944,16267227135
16267235328,16267243519
16267329536,16267350015
16267358208,16267366399
16267374592,16267395071
16267558912,16267579391
16267587584,16267595775
16267603968,16267616255
16267632640,16267644927
16267653120,16267661311
16267669504,16267677695
16267685888,16267694079
16267702272,16267722751
16268435456,16268451839
16268468224,16268484607
16268566528,16268582911
16268599296,16268615679
16268697600,16268713983
16268730368,16268746751
16268828672,16268845055
16268861440,16268877823
16269590528,16269611007
16269619200,16269627391
16269635584,16269643775
16269651968,16269660159
16269668352,16269680639
16269697024,16269713407
16269729792,16269742079
16269750272,16269758463
16269766656,16269774847
16269783040,16269791231
16269799424,16269819903
16270532608,16270548991
16270565376,16270581759
16270663680,16270680063
16270696448,16270712831
16270794752,16270811135
16270827520,16270843903
16270925824,16270942207
16270958592,16270974975
16271687680,16271708159
16271716352,16271724543
16271732736,16271740927
16271749120,16271757311
16271765504,16271777791
16271794176,16271818751
16271904768,16271912959
16271921152,16271929343
16271937536,16271945727
16271953920,16271962111
16272048128,16272072703
16272089088,16272101375
16272109568,16272117759
16272125952,16272134143
16272142336,16272150527
16272158720,16272179199
16273522688,16273543167
16273551360,16273559551
16273567744,16273575935
16273584128,16273592319
16273600512,16273612799
16273629184,16273653759
16273739776,16273747967
16273756160,16273764351
16273772544,16273780735
16273788928,16273797119
16273883136,16293445631
16293466112,16293474303
16293482496,16293490687
16293498880,16293507071
16293515264,16293523455
16293535744,16293552127
16293564416,16293572607
16293580800,16293588991
16293609472,16293773311
16293793792,16293801983
16293810176,16293818367
16293826560,16293834751
16293842944,16293851135
16293871616,16294035455
16294055936,16294064127
16294072320,16294080511
16294092800,16294109183
16294121472,16294129663
16294137856,16294146047
16294154240,16294162431
16294170624,16294178815
16294199296,16295542783
16295563264,16295571455
16295579648,16295587839
16295596032,16295604223
16295612416,16295620607
16295632896,16295649279
16295661568,16295669759
16295677952,16295686143
16295706624,16295870463
16295890944,16295899135
16295907328,16295915519
16295923712,16295931903
16295940096,16295948287
16295968768,16296132607
16296153088,16296161279
16296169472,16296177663
16296189952,16296206335
16296218624,16296226815
16296235008,16296243199
16296251392,16296259583
16296267776,16296275967
16296296448,16301834239
16301854720,16301862911
16301871104,16301879295
16301887488,16301895679
16301903872,16301912063
16301924352,16301940735
16301953024,16301961215
16301969408,16301977599
16301998080,16302161919
16302182400,16302190591
16302198784,16302206975
16302215168,16302223359
16302231552,16302239743
16302260224,16302424063
16302444544,16302452735
16302460928,16302469119
16302481408,16302497791
16302510080,16302518271
16302526464,16302534655
16302542848,16302551039
16302559232,16302567423
16302587904,16303931391
16303951872,16303960063
16303968256,16303976447
16303984640,16303992831
16304001024,16304009215
16304021504,16304037887
16304050176,16304058367
16304066560,16304074751
16304095232,16304259071
16304279552,16304287743
16304295936,16304304127
16304312320,16304320511
16304328704,16304336895
16304357376,16304521215
16304541696,16304549887
16304558080,16304566271
16304578560,16304594943
16304607232,16304615423
16304623616,16304631807
16304640000,16304648191
16304656384,16304664575
16304685056,16310222847
16310243328,16310251519
16310259712,16310267903
16310276096,16310284287
16310292480,16310300671
16310312960,16310329343
16310341632,16310349823
16310358016,16310366207
16310386688,16310550527
16310571008,16310579199
16310587392,16310595583
16310603776,16310611967
16310620160,16310628351
16310648832,16310812671
16310833152,16310841343
16310849536,16310857727
16310870016,16310886399
16310898688,16310906879
16310915072,16310923263
16310931456,16310939647
16310947840,16310956031
16310976512,16312319999
16312340480,16312348671
16312356864,16312365055
16312373248,16312381439
16312389632,16312397823
16312410112,16312426495
16312438784,16312446975
16312455168,16312463359
16312483840,16312647679
16312668160,16312676351
16312684544,16312692735
16312700928,16312709119
16312717312,16312725503
16312745984,16312909823
16312930304,16312938495
16312946688,16312954879
16312967168,16312983551
16312995840,16313004031
16313012224,16313020415
16313028608,16313036799
16313044992,16313053183
16313073664,16316891135
16318201856,16318611455
16318631936,16318640127
16318648320,16318656511
16318664704,16318672895
16318681088,16318689279
16318701568,16318717951
16319258624,16319275007
16319287296,16319295487
16319303680,16319311871
16319320064,16319328255
16319336448,16319344639
16319365120,16319774719
16320299008,16320708607
16320729088,16320737279
16320745472,16320753663
16320761856,16320770047
16320778240,16320786431
16320798720,16320815103
16321355776,16321372159
16321384448,16321392639
16321400832,16321409023
16321417216,16321425407
16321433600,16321441791
16321462272,16321871871
16322658304,16323706879
16325279744,16330784767
16331309056,16331833343
16332357632,16332881919
16333406208,16333930495
16334454784,16339959807
16342728704,16342749183
16342757376,16342765567
16342773760,16342781951
16342790144,16342798335
16342806528,16342818815
16342835200,16342859775
16342945792,16342953983
16342962176,16342970367
16342978560,16342986751
16342994944,16343003135
16343089152,16343113727
16343130112,16343142399
16343150592,16343158783
16343166976,16343175167
16343183360,16343191551
16343199744,16343220223
16343932928,16343949311
16343965696,16343982079
16344064000,16344080383
16344096768,16344113151
16344195072,16344211455
16344227840,16344244223
16344326144,16344342527
16344358912,16344375295
16345088000,16345108479
16345116672,16345124863
16345133056,16345141247
16345149440,16345157631
16345165824,16345178111
16345194496,16345210879
16345227264,16345239551
16345247744,16345255935
16345264128,16345272319
16345280512,16345288703
16345296896,16345317375
16346030080,16346046463
16346062848,16346079231
16346161152,16346177535
16346193920,16346210303
16346292224,16346308607
16346324992,16346341375
16346423296,16346439679
16346456064,16346472447
16347185152,16347205631
16347213824,16347222015
16347230208,16347238399
16347246592,16347254783
16347262976,16347275263
16347291648,16347303935
16347312128,16347320319
16347328512,16347348991
16347512832,16347533311
16347541504,16347549695
16347557888,16347561983
16348086272,16348094463
16348110848,16348123135
16348131328,16348139519
16348147712,16348155903
16348164096,16348172287
16348180480,16348200959
16360931328,16360935423
16360943616,16360951807
16360960000,16360980479
16361144320,16361164799
16361172992,16361181183
16361189376,16361201663
16361218048,16361230335
16361238528,16361246719
16361254912,16361263103
16361271296,16361279487
16361287680,16361308159
16362651648,16362672127
16362680320,16362688511
16362696704,16362704895
16362713088,16362721279
16362729472,16362741759
16362758144,16362770431
16362778624,16362786815
16362795008,16362815487
16362979328,16362999807
16363008000,16363016191
16363024384,16363032575
16363040768,16363048959
16363057152,16363077631
16363241472,16363261951
16363270144,16363278335
16363286528,16363298815
16363315200,16363327487
16363335680,16363343871
16363352064,16363360255
16363368448,16363376639
16363384832,16363405311
16368943104,16368963583
16368971776,16368979967
16368988160,16368996351
16369004544,16369012735
16369020928,16369033215
16369049600,16369061887
16369070080,16369078271
16369086464,16369098751
16369278976,16369291263
16369299456,16369307647
16369315840,16369324031
16369332224,16369340415
16369348608,16369360895
16369541120,16369553407
16369561600,16369569791
16369577984,16369590271
16369606656,16369618943
16369627136,16369635327
16369643520,16369651711
16369659904,16369668095
16369676288,16369696767
16371040256,16371060735
16371068928,16371077119
16371085312,16371093503
16371101696,16371109887
16371118080,16371130367
16371146752,16371159039
16371167232,16371175423
16371183616,16371195903
16371376128,16371388415
16371396608,16371404799
16371412992,16371417087
16938434560,16938438655
16938446848,16938450943
16938680320,16938684415
16938692608,16938700799
16938725376,16938733567
16938741760,16938745855
16939528192,16939536383
16939560960,16939569151
16950378496,16950398975
16950407168,16950415359
16950423552,16950431743
16950439936,16950448127
16950456320,16950468607
16950484992,16950509567
16950595584,16950603775
16950611968,16950620159
16950628352,16950636543
16950644736,16950652927
16950738944,16950771711
16950857728,16950865919
16950874112,16950882303
16950890496,16950898687
16950906880,16950915071
16951001088,16951021567
16951029760,16951037951
16951046144,16951066623
16951230464,16951250943
16951259136,16951267327
16951275520,16951295999
16951382016,16951390207
16951398400,16951406591
16951414784,16951422975
16951431168,16951439359
16951525376,16951541759
16953114624,16953131007
16953217024,16953225215
16953233408,16953241599
16953249792,16953257983
16953266176,16953274367
16953360384,16953393151
16953479168,16953487359
16953495552,16953503743
16953511936,16953520127
16953528320,16953536511
16953622528,16953638911
16955211776,16955228159
16955314176,16955322367
16955330560,16955338751
16955346944,16955355135
16955363328,16955371519
16955457536,16955478015
16955486208,16955494399
16955502592,16955523071
16955686912,16955707391
16955715584,16955723775
16955731968,16955752447
16955838464,16955846655
16955854848,16955863039
16955871232,16955879423
16955887616,16955895807
16955981824,16956014591
16956100608,16956108799
16956116992,16956125183
16956133376,16956141567
16956149760,16956157951
16956243968,16956268543
16956284928,16956297215
16956305408,16956313599
16956321792,16956329983
16956338176,16956346367
16956354560,16956375039
17000710144,17000730623
17000738816,17000747007
17000755200,17000763391
17000771584,17000779775
17000787968,17000800255
17000816640,17000841215
17000927232,17000935423
17000943616,17000951807
17000960000,17000968191
17000976384,17000984575
17001070592,17001103359
17001189376,17001197567
17001205760,17001213951
17001222144,17001230335
17001238528,17001246719
17001332736,17001353215
17001361408,17001369599
17001377792,17001398271
17001562112,17001582591
17001590784,17001598975
17001607168,17001627647
17001713664,17001721855
17001730048,17001738239
17001746432,17001754623
17001762816,17001771007
17001857024,17001881599
17001897984,17001910271
17001918464,17001926655
17001934848,17001943039
17001951232,17001959423
17001967616,17001988095
17003331584,17003352063
17003360256,17003368447
17003376640,17003384831
17003393024,17003401215
17003409408,17003421695
17003438080,17003462655
17003548672,17003556863
17003565056,17003573247
17003581440,17003589631
17003597824,17003606015
17003692032,17003724799
17003810816,17003819007
17003827200,17003835391
17003843584,17003851775
17003859968,17003868159
17003954176,17003978751
17003995136,17004007423
17004015616,17004023807
17004032000,17004040191
17004048384,17004056575
17004064768,17004085247
17005428736,17005449215
17005457408,17005465599
17005473792,17005481983
17005490176,17005498367
17005506560,17005518847
17005535232,17005559807
17005645824,17005654015
17005662208,17005670399
17005678592,17005686783
17005694976,17005703167
17005789184,17005809663
17005817856,17005826047
17005834240,17005854719
17006018560,17006039039
17006047232,17006055423
17006063616,17006084095
17006170112,17006178303
17006186496,17006194687
17006202880,17006211071
17006219264,17006227455
17006313472,17006346239
17006432256,17006440447
17006448640,17006456831
17006465024,17006473215
17006481408,17006489599
17006575616,17006600191
17006616576,17006628863
17006637056,17006645247
17006653440,17006661631
17006669824,17006678015
17006686208,17006706687
17017516032,17017524223
17017548800,17017556991
17018339328,17018343423
17018351616,17018359807
17018384384,17018392575
17018400768,17018404863
17018634240,17018638335
17018646528,17018658815
17018753024,17018761215
17340956672,17340989439
17341054976,17341120511
17341317120,17341415423
17342169088,17342234623
17353015296,17353179135
17353244672,17353310207
17353375744,17353441279
17353506816,17353572351
17353637888,17353736191
17353867264,17353965567
17354031104,17354096639
17354162176,17354326015
17355636736,17355800575
17355866112,17355931647
17355997184,17356062719
17356128256,17356193791
17356259328,17356423167
17357733888,17357897727
17357963264,17358028799
17358094336,17358192639
17358323712,17358422015
17358487552,17358553087
17358618624,17358684159
17358749696,17358815231
17358880768,17359044607
17403346944,17403510783
17403576320,17403641855
17403707392,17403772927
17403838464,17403903999
17403969536,17404067839
17404198912,17404264447
17408458752,17408524287
17408655360,17408753663
17408819200,17408884735
17408950272,17409015807
17409081344,17409146879
17409212416,17409376255
17420169216,17420177407
17420201984,17420210175
17420992512,17420996607
17421004800,17421009919
17421011968,17421012991
17990025216,17990221823
17990352896,17990483967
17990615040,17990811647
17996316672,17996513279
17996644352,17996775423
17996906496,17997103103
18012438528,18012569599
18013257728,18013323263
18013388800,18013454335
18013519872,18013585407
18013650944,18013716479
18014404608,18014666751
18015354880,18015420415
18015485952,18015551487
18015617024,18015682559
18015748096,18015813631
18016501760,18016632831
18020827136,18025021439
18029215744,18033410047
18043895808,18085871615
18085937152,18086002687
18086068224,18086232063
18087542784,18087706623
18087772160,18087837695
18087903232,18088067071
18088755200,18088820735
18088886272,18088951807
18089017344,18089082879
18089148416,18089213951
18089902080,18090164223
18090852352,18090917887
18090983424,18091048959
18091114496,18091180031
18091245568,18091311103
18091999232,18092195839
18092326912,18092425215
18092490752,18092556287
18092621824,18092687359
18092752896,18092818431
18092883968,18093047807
18105368576,18105565183
18105696256,18105827327
18105958400,18106155007
18107465728,18107662335
18107793408,18107924479
18108055552,18108252159
18113757184,18113953791
18114084864,18114215935
18114347008,18114543615
18115854336,18116050943
18116182016,18116313087
18116444160,18116640767
20401094656,20443037695
20455620608,20464009215
20472397824,20480786431
20493369344,20535377919
20535508992,20535607295
20535672832,20535738367
20535803904,20535869439
20535934976,20536000511
20536066048,20536229887
20541931520,20542062591
20542193664,20542324735
20542980096,20543111167
20543242240,20543373311
20544028672,20544159743
20544290816,20544421887
20545077248,20545208319
20545339392,20545470463
20551172096,20551335935
20551401472,20551467007
20551532544,20551598079
20551663616,20551729151
20551794688,20551892991
20552024064,20552122367
20552187904,20552253439
20552318976,20552482815
20553793536,20553957375
20554022912,20554088447
20554153984,20554317823
20555005952,20555071487
20555137024,20555202559
20555268096,20555333631
20555399168,20555464703
20556152832,20556283903
20648558592,20648689663
20649377792,20649443327
20649508864,20649574399
20649639936,20649705471
20649771008,20649836543
20650524672,20650688511
20650754048,20650819583
20650885120,20651048959
20652359680,20652523519
20652589056,20652654591
20652720128,20652818431
20652949504,20653047807
20653113344,20653178879
20653244416,20653309951
20653375488,20653441023
20653506560,20653670399
20659372032,20659503103
20659634176,20659765247
20660420608,20660551679
20660682752,20660813823
20661469184,20661600255
20661731328,20661862399
20662517760,20662648831
20662779904,20662910975
20668612608,20668776447
20668841984,20668907519
20668973056,20669038591
20669104128,20669169663
20669235200,20669333503
20669464576,20669595647
20669726720,20669825023
20669890560,20669956095
20670021632,20670087167
20670152704,20670218239
20670283776,20670447615
20676149248,20676280319
20676411392,20676542463
20677197824,20677328895
20677459968,20677591039
20678246400,20678377471
20678508544,20678639615
20679294976,20679426047
20679557120,20679688191
20685389824,20685553663
20685619200,20685684735
20685750272,20685815807
20685881344,20685946879
20686012416,20686110719
20686241792,20686340095
20686405632,20686471167
20686536704,20686700543
20688011264,20688175103
20688240640,20688306175
20688371712,20688535551
20689223680,20689289215
20689354752,20689420287
20689485824,20689551359
20689616896,20689682431
20690370560,20690501631
20782776320,20782907391
20783595520,20783661055
20783726592,20783792127
20783857664,20783923199
20783988736,20784054271
20784742400,20784906239
20784971776,20785037311
20785102848,20785266687
20786577408,20786741247
20786806784,20786872319
20786937856,20787036159
20787167232,20787265535
20787331072,20787396607
20787462144,20787527679
20787593216,20787658751
20787724288,20787888127
20793589760,20793720831
20793851904,20793982975
20794638336,20794769407
20794900480,20795031551
20795686912,20795817983
20795949056,20796080127
20796735488,20796866559
20796997632,20797128703
20802830336,20802994175
20803059712,20803125247
20803190784,20803256319
20803321856,20803387391
20803452928,20803551231
20803682304,20879245311
20889731072,20893925375
20898119680,20902313983
20906508288,20910702591
20914896896,20919091199
20925382656,20933771263
225796227072,225796358143
225797079040,225797472255
225797996544,225798586367
225798717440,225798848511
225798979584,225799634943
225799766016,225799897087
225800028160,225800683519
225800814592,225800945663
225801076736,225801732095
225801863168,225801994239
225802125312,225803108351
225803304960,225803436031
225805074432,225805139967
225805271040,225805926399
225806057472,225806123007
225806909440,225807433727
225807990784,225808056319
225808121856,225808187391
225808252928,225808318463
225808384000,225808449535
225817198592,225817329663
225817427968,225817493503
225817559040,225817624575
225817690112,225817755647
225817821184,225817886719
225818050560,225819557887
225819688960,225819820031
225819951104,225820606463
225820737536,225820868607
225820999680,225821655039
225821786112,225821917183
225822048256,225822703615
225822834688,225822965759
225823096832,225824604159
225824768000,225824833535
225824899072,225824964607
225825030144,225825095679
225825161216,225825226751
225825325056,225825456127
225833975808,225834106879
225834205184,225834270719
225834336256,225834401791
225834467328,225834532863
225834598400,225834663935
225834827776,225836335103
225836466176,225836597247
225836728320,225837383679
225837514752,225837645823
225837776896,225838759935
225838956544,225839087615
225839218688,225839349759
225839546368,225840529407
225840660480,225840791551
225840922624,225841577983
225841709056,225841840127
225841971200,225842626559
225842757632,225842888703
225843019776,225843675135
225843806208,225843937279
225844068352,225845575679
225845739520,225845805055
225845870592,225845936127
225846001664,225846067199
225846132736,225846198271
225846296576,225846427647
226198913024,226198978559
226199109632,226199175167
226200518656,226200682495
226200748032,226200813567
226200879104,226200977407
226201108480,226201206783
226201403392,226201468927
226201665536,226201829375
226246131712,226246295551
226246492160,226246557695
226246754304,226246852607
226246983680,226247081983
226247147520,226247213055
226247278592,226247311359
226248982528,226249048063
228997595136,228997758975
228997824512,228997890047
228997955584,228998021119
228998086656,228998152191
228998217728,228998316031
228998447104,228998545407
228998610944,228998676479
228998742016,228998774783
229000347648,229000380415
229000445952,229000511487
229000577024,229000642559
229000708096,229000773631
229000839168,229000871935
229002444800,229002477567
229002543104,229002608639
229002674176,229002772479
229002903552,229003001855
229003067392,229003132927
229003198464,229003263999
229003329536,229003395071
229003460608,229003624447
229014372352,229014536191
229014601728,229014667263
229014732800,229014798335
229014863872,229014929407
229014994944,229015093247
229015224320,229015322623
229015388160,229015453695
229015519232,229015551999
229017124864,229017157631
229017223168,229017288703
229017354240,229017419775
229017485312,229017550847
229017616384,229017649151
229019222016,229019254783
229019320320,229019385855
229019451392,229019549695
229019680768,229019779071
229019844608,229019910143
229019975680,229020041215
229020106752,229020172287
229020237824,229020401663
229064704000,229064867839
229064933376,229064998911
229065064448,229065129983
229065195520,229065261055
229065326592,229065424895
229065555968,229065654271
229065719808,229065785343
229065850880,229066014719
229067325440,229067489279
229067554816,229067620351
229067685888,229067751423
229067816960,229067882495
229067948032,229068111871
229069422592,229069586431
229069651968,229069717503
229069783040,229069881343
229070012416,229070110719
229070176256,229070241791
229070307328,229070372863
229070438400,229070503935
229070569472,229070733311
229081481216,229081645055
229081710592,229081776127
229081841664,229081907199
229081972736,229082038271
229082103808,229082202111
229082333184,229082431487
229082497024,229082562559
229082628096,229082791935
229084102656,229084266495
229084332032,229084397567
229084463104,229084528639
229084594176,229084659711
229084725248,229084889087
229086199808,229086363647
229086429184,229086494719
229086560256,229086658559
229086789632,229086887935
229086953472,229087019007
229087084544,229087150079
229087215616,229087281151
229087346688,229087510527
229186338816,229186502655
229186568192,229186633727
229186699264,229186764799
229186830336,229186895871
229186961408,229187059711
229187190784,229187387391
229188075520,229188141055
229188206592,229188272127
229188337664,229188403199
229188468736,229188534271
229189222400,229189484543
229190172672,229190238207
229190303744,229190369279
229191712768,229191843839
229193154560,229193285631
229194072064,229194104831
229194170368,229194235903
229194301440,229194465279
229201215488,229201346559
229201477632,229201608703
229202264064,229202395135
229202526208,229202657279
229203312640,229203443711
229203574784,229203705855
229209407488,229209571327
229209636864,229209702399
229209767936,229209833471
229209899008,229209964543
229210030080,229210128383
229210259456,229210390527
229210521600,229210619903
229210685440,229210750975
229210816512,229210882047
229210947584,229211013119
229211078656,229211242495
229216944128,229217075199
229217206272,229217337343
229217992704,229218123775
229218254848,229218385919
229219041280,229219172351
229219303424,229219434495
229220089856,229220220927
229220352000,229220483071
229226184704,229226348543
229226414080,229226479615
229226545152,229226610687
229226676224,229226741759
229226807296,229226905599
229227036672,229227233279
229227921408,229227986943
229228052480,229228118015
229228183552,229228249087
229228314624,229228380159
229229068288,229229264895
229229395968,229229494271
229229559808,229229625343
229229690880,229229756415
229229821952,229229887487
229229953024,229230116863
229240864768,229241028607
229241094144,229241159679
229241225216,229241290751
229241356288,229241421823
229241487360,229241585663
229241716736,229241913343
229242601472,229242667007
229242732544,229242798079
229242863616,229242929151
229242994688,229243060223
229243748352,229286871039
229288181760,229288706047
229289230336,229289754623
229290278912,229290803199
229291327488,229291851775
229292638208,229293686783
229294473216,229294997503
229295521792,229296046079
229297356800,229307842559
229309153280,229309677567
229310201856,229310726143
229311250432,229311774719
229312299008,229312823295
229314134016,229324619775
229325930496,229326454783
229326979072,229327503359
229328289792,229329338367
229330124800,229330649087
229331173376,229331697663
229332221952,229332746239
229333270528,229333794815
229335105536,229454643199
229455953920,229456478207
229457002496,229457526783
229458051072,229458575359
229459099648,229459623935
229460410368,229461458943
229463031808,229468536831
229469061120,229469585407
229470109696,229470633983
229471158272,229471682559
229472206848,229477711871
229479809024,229485314047
229485838336,229486362623
229486886912,229487411199
229487935488,229488459775
229488984064,229494489087
229495799808,229496324095
229496848384,229497372671
229498683392,229509169151
229510479872,229511004159
229511528448,229512052735
251528216576,251536605183
251542896640,251547090943
251551285248,251555479551
251559673856,251563868159
251568062464,251572256767
251582742528,251700183039
251712765952,251721154559
251729543168,251737931775
251750514688,251792588799
251793276928,251793342463
251793408000,251793473535
251793539072,251793604607
251793670144,251793735679
251794423808,251794620415
251794751488,251794849791
251794915328,251794980863
251795046400,251795111935
251795177472,251795243007
251795308544,251795472383
251806220288,251806384127
251806449664,251806515199
251806580736,251806646271
251806711808,251806777343
251806842880,251806941183
251807072256,251807268863
251807956992,251808022527
251808088064,251808153599
251808219136,251808284671
251808350208,251808415743
251809103872,251809300479
251809431552,251809529855
251809595392,251809660927
251809726464,251809791999
251809857536,251809923071
251809988608,251810152447
251815854080,251815985151
251816116224,251816247295
251816902656,251817033727
251817164800,251817295871
251817951232,251818082303
251818213376,251818344447
251818999808,251819130879
251819261952,251819393023
251825094656,251825258495
251825324032,251825389567
251825455104,251825520639
251825586176,251825651711
251825717248,251825815551
251825946624,251826077695
251826208768,251826307071
251826372608,251826438143
251826503680,251826569215
251826634752,251826700287
251826765824,251826929663
251832631296,251832762367
251832893440,251833024511
251833679872,251833810943
251833942016,251834073087
251846983680,251847114751
251847802880,251847868415
251847933952,251847999487
251848065024,251848130559
251848196096,251848261631
251848949760,251849146367
251849277440,251849375743
251849441280,251849506815
251849572352,251849637887
251849703424,251849768959
251849834496,251849998335
251948826624,251948990463
251949056000,251949121535
251949187072,251949252607
251949318144,251949383679
251949449216,251949547519
251949678592,251949776895
251949842432,251949907967
251949973504,251950137343
251951448064,251951611903
251951677440,251951742975
251951808512,251951874047
251951939584,251952005119
251952070656,251952234495
251953545216,251953709055
251953774592,251953840127
251953905664,251954003967
251954135040,251954233343
251954298880,251954364415
251954429952,251954495487
251954561024,251954626559
251954692096,251954855935
251965603840,251965767679
251965833216,251965898751
251965964288,251966029823
251966095360,251966160895
251966226432,251966324735
251966455808,251966554111
251966619648,251966685183
251966750720,251966914559
251968225280,251968389119
251968454656,251968520191
251968585728,251968651263
251968716800,251968782335
251968847872,251969011711
251970322432,251970486271
251970551808,251970617343
251970682880,251970781183
251970912256,251971010559
251971076096,251971141631
251971207168,251971272703
251971338240,251971403775
251971469312,251971633151
252015935488,252016099327
252016164864,252016230399
252016295936,252016361471
252016427008,252016492543
252016558080,252016656383
252016787456,252016852991
252021047296,252021112831
252021243904,252021342207
252021407744,252021473279
252021538816,252021604351
252021669888,252021735423
252021800960,252021964799
252032712704,252032876543
252032942080,252033007615
252033073152,252033138687
252033204224,252033269759
252033335296,252033433599
252033564672,252033630207
252037824512,252037890047
252038021120,252038119423
252038184960,252038250495
252038316032,252038381567
252038447104,252038512639
252038578176,252038742015
254789304320,254789308415
254789316608,254789337087
254789500928,254789521407
254789529600,254789533695
254789558272,254789566463
254789795840,254789828607
254790057984,254790082559
254790098944,254790111231
254790119424,254790127615
254790135808,254790143999
254790152192,254790160383
254790168576,254790189055
254834507776,254834671615
254834868224,254834933759
254835130368,254835228671
254835359744,254835458047
254835523584,254835589119
254835654656,254835818495
254837161984,254837227519
254837358592,254837424127
255189909504,255190040575
255190138880,255190204415
255190269952,255190335487
255190401024,255190466559
255190532096,255190597631
255190761472,255192268799
255192399872,255192530943
255192662016,255193317375
255193448448,255193579519
255193710592,255194365951
255194497024,255194628095
255194759168,255195414527
255195545600,255195676671
255195807744,255196790783
255196987392,255197118463
255197249536,255197380607
255197577216,255198560255
255198691328,255198822399
255198953472,255199608831
255199739904,255199870975
255200002048,255201509375
255201673216,255201738751
255201804288,255201869823
255201935360,255202000895
255202066432,255202131967
255202230272,255202361343
255210881024,255211012095
255211110400,255211175935
255211241472,255211307007
255211372544,255211438079
255211503616,255211569151
255211732992,255213240319
255213371392,255213502463
255213633536,255214288895
255214419968,255214551039
255214682112,255215337471
255215468544,255215599615
255215730688,255216386047
255216517120,255216648191
255216779264,255218286591
255218450432,255218515967
255218581504,255218647039
255218712576,255218778111
255218843648,255218909183
255219007488,255219138559
255233884160,255234211839
255234342912,255234473983
255234605056,255235260415
255235391488,255235522559
255235653632,255236308991
255236440064,255236571135
255236702208,255237357567
255237488640,255237619711
255237750784,255238078463
